SUERC-47986	65.337	-20.99	11006	288	0	50.3	0.55	0.55	BraderEtal2017
SUERC-54846	65.432	-21.2	2013	285	0	1.55	0.55	0.55	BraderEtal2017
SUERC-54845	65.433	-21.197	287	256	0	-0.1	0.55	0.55	BraderEtal2017
SUERC-54844	65.433	-21.196	2394	314	0	2.75	0.55	0.55	BraderEtal2017
SUERC-54839	65.304	-21.04	11268	424	0	56.7	0.55	0.55	BraderEtal2017
SUERC-47987	65.334	-20.987	11300	418	0	45.8	0.55	0.55	BraderEtal2017
GrN-15846	65.63	-21.48	9910	312	1	40.0	8.0	8.0	HansomBriggs1991
SUERC-47974	65.293	-20.933	11134	368	1	68.2	0.3	0.3	BraderEtal2017
U-2088	65.3	-21.183	2882	410	0	2.5	1.0	1.0	OlssonEtal1969
GrN-15844	65.49	-21.38	9886	316	1	6.0	1.2	1.2	HansomBriggs1991
GrN-15843	65.49	-21.38	7767	242	1	6.0	1.2	1.2	HansomBriggs1991
U-724	65.45	-20.6	10649	474	-1	15.0	3.0	3.0	OlssonEtal1972,NorddahlPetursson2005
SUERC-47985	65.294	-20.933	10931	292	1	70.6	0.3	0.3	BraderEtal2017
