GrN-21610	53.299	6.4689	7626	282	1	-10.29	0.28	0.28	KosterEtal2017,deWitEtal2025
GrN-23928	53.3288	6.8412	7090	328	1	-8.03	0.35	0.35	Vos1992,deWitEtal2025
GrN-23931	53.4457	6.7168	7988	40	1	-15.679999999999998	0.21517434791350015	0.2092844953645635	MeijlesEtal2018,HijmaEtal2025
GrN-21613	53.299	6.508	7770	78	1	-12.085	0.11618950038622251	0.11618950038622251	KidenVos2012,MeijlesEtal2018,HijmaEtal2025
GrN-23922	53.4457	6.7451	7853	269	0	-14.12	0.38	0.38	HijmaCohen2010,deWitEtal2025
GrN-21610	53.298	6.468	7594	85	1	-10.22	0.11618950038622251	0.11618950038622251	KidenVos2012,MeijlesEtal2018,HijmaEtal2025
GrN-21613	53.3005	6.5082	7773	247	1	-12.13	0.25	0.25	BoschKok1994,deWitEtal2025
GrN-23931	53.4457	6.7168	8012	300	0	-15.96	0.38	0.38	HijmaCohen2010,deWitEtal2025
GrN-23928	53.329	6.841	7132	114	1	-8.045	0.21569654610122993	0.20982135258357287	MeijlesEtal2018,HijmaEtal2025
GrA-49486	53.3001	6.492	7358	146	0	-12.09	0.42	0.42	deWitEtal2025
GrA-49582	53.3706	6.2867	7836	99	1	-13.35	0.22	0.22	deWitEtal2025
GrA-30187	53.2428	6.1576	4751	115	1	-2.03	0.38	0.38	Jelgersma1961,deWitEtal2025
GrA-30191	53.251	6.1893	5387	85	1	-3.25	0.38	0.37	deWitEtal2025
GrA-49486	53.3001	6.492	7358	146	0	-13.095	0.2143011899173684	0.2083866598417471	HijmaEtal2025
GrA-49487	53.3498	6.7742	6816	211	-1	-9.84	0.52	0.52	vanStraaten1954,deWitEtal2025
