GrN-00189	51.8934	4.7896	6535	576	1	-5.91	0.38	0.35	deMoorEtal2009,deWitEtal2025
GrN-00186	51.8934	4.7896	8107	479	1	-11.96	0.35	0.27	KidenVos2012,deWitEtal2025
GrN-00191	51.8934	4.7896	5234	520	1	-3.28	0.24	0.23	vanDijk1991,deWitEtal2025
GrN-00192	51.8934	4.7896	2959	484	1	-1.11	0.23	0.23	Kiden1989a,deWitEtal2025
GrA-32101	51.9309	4.4578	8008	155	-1	-10.68	0.33	0.33	deWitEtal2025
UtC-09173	51.8318	4.81	6398	89	1	-5.47	0.2	0.2	BrinkkemperEtal2006,deWitEtal2025
GrA-07113	51.8617	4.7081	6577	158	1	-5.72	0.23	0.21	vandePlasscheEtal2010,deWitEtal2025
GrA-06514	51.8618	4.7082	6980	176	1	-6.75	0.23	0.21	Gotje1993,deWitEtal2025
GrA-06513	51.862	4.7087	7182	158	1	-8.12	0.23	0.19	Gotje1993,deWitEtal2025
GrA-06512	51.8618	4.7081	6753	158	1	-6.33	0.23	0.21	vanderWoude1983,deWitEtal2025
GrA-06511	51.8617	4.708	6107	160	1	-5.17	0.22	0.21	Kiden1989a,deWitEtal2025
GrA-05237	51.8687	4.5504	7107	138	0	-8.17	0.24	0.19	MakaskeEtal2002,deWitEtal2025
GrA-07114	51.8688	4.5504	6533	176	1	-5.85	0.23	0.21	Jelgersma1961,deWitEtal2025
GrA-05215	51.8687	4.5503	7300	124	0	-9.02	0.25	0.19	vandePlassche1982,deWitEtal2025
GrA-05207	51.8688	4.5504	6777	120	0	-7.31	0.24	0.21	Gotje1993,deWitEtal2025
GrA-04308	51.8689	4.5507	5099	202	0	-3.4	0.22	0.21	Jelgersma1961,deWitEtal2025
GrA-04183	51.8688	4.5504	6632	215	1	-5.98	0.23	0.21	BerendsenEtal2007,deWitEtal2025
GrA-04182	51.8688	4.5505	6204	200	1	-5.05	0.22	0.21	Gotje1993,deWitEtal2025
GrA-04181	51.8688	4.5506	5760	150	1	-4.25	0.22	0.21	vanDijk1991,deWitEtal2025
UtC-09175	51.8359	4.8231	6863	131	1	-6.36	0.26	0.26	BerendsenStouthamer2001,deWitEtal2025
GrA-05208	51.8687	4.5502	7547	104	0	-10.16	0.34	0.29	deMoorEtal2009,deWitEtal2025
UtC-09138	51.8359	4.8231	6508	181	1	-6.24	0.21	0.21	vandePlasscheEtal2010,deWitEtal2025
GrA-07123	51.8616	4.708	5870	240	1	-4.55	0.22	0.21	vandePlasscheEtal2010,deWitEtal2025
GrA-07125	51.8616	4.7079	5162	265	1	-2.81	0.27	0.27	LouweKooijmans1974,deWitEtal2025
UtC-09174	51.8317	4.8101	7372	85	1	-8.09	0.26	0.26	vandePlassche1982,deWitEtal2025
UtC-09137	51.8317	4.81	6615	286	1	-5.56	0.27	0.27	vandePlasscheEtal2010,deWitEtal2025
GrA-42416	52.0959	4.9323	6724	254	1	-5.71	0.23	0.21	OsingaHekman2011,deWitEtal2025
GrA-32037	51.9309	4.4578	8019	147	-1	-11.23	0.3	0.3	HijmaEtal2009,deWitEtal2025
GrA-30067	51.9316	4.4575	8362	150	1	-14.87	0.54	0.54	HijmaEtal2009,deWitEtal2025
GrA-30066	51.9316	4.4575	8362	150	1	-14.71	0.54	0.54	deWitEtal2025
GrA-07124	51.8616	4.7078	4107	221	1	-1.95	0.27	0.27	vandePlassche1982,deWitEtal2025
GrA-13685	51.8702	4.5495	4183	167	0	-2.54	0.22	0.22	vandePlassche1982,deWitEtal2025
GrA-12024	51.9558	4.4936	7011	152	0	-7.99	0.23	0.19	MakaskeEtal2002,deWitEtal2025
GrA-09799	51.8359	4.8231	7456	113	1	-9.11	0.17	0.17	Jelgersma1961,deWitEtal2025
GrA-07134	51.8688	4.5506	5806	186	1	-4.33	0.22	0.21	MeijlesEtal2018,deWitEtal2025
GrA-07129	51.8688	4.5506	5764	151	1	-4.12	0.22	0.21	BerendsenStouthamer2001,deWitEtal2025
GrA-07128	51.8619	4.7083	7015	216	1	-7.28	0.23	0.19	vandePlasscheEtal2010,deWitEtal2025
GrA-07126	51.8688	4.5504	6657	240	1	-6.07	0.23	0.21	vandePlassche1982,deWitEtal2025
GrA-13683	51.8701	4.5495	3653	151	0	-1.87	0.22	0.22	Jelgersma1961,deWitEtal2025
UtC-09176	51.8359	4.8231	6980	175	1	-6.87	0.26	0.26	OsingaHekman2011,deWitEtal2025
GrN-08930	51.8867	4.5658	7452	121	1	-8.51	0.24	0.19	Gotje1997a,deWitEtal2025
GrN-00203	51.8934	4.7896	6877	530	1	-6.45	0.26	0.23	vandePlasscheEtal2010,deWitEtal2025
UtC-09136	51.8318	4.8099	5908	284	1	-4.11	0.28	0.28	deWitEtal2025
UtC-07804	51.7341	4.939	5262	196	1	-2.35	0.28	0.27	deWitEtal2025
UtC-06981	51.7596	4.9849	7028	283	1	-5.67	0.28	0.26	BerendsenEtal2007,vandePlasscheEtal2010,deWitEtal2025
GrN-10874	51.9103	4.8862	4699	477	1	-2.04	0.35	0.35	vandePlassche1982,deWitEtal2025
GrN-10876	51.9103	4.8862	5247	366	1	-2.53	0.27	0.27	deWitEtal2025
GrN-10877	51.9103	4.8862	5217	499	1	-3.32	0.28	0.27	MeijlesEtal2018,deWitEtal2025
GrN-10878	51.9102	4.8862	5759	394	1	-3.84	0.28	0.27	vandePlassche1982,deWitEtal2025
GrN-10879	51.9101	4.8863	6647	328	1	-5.11	0.36	0.35	MakaskeEtal2002,deWitEtal2025
GrN-10880	51.9096	4.8863	7578	293	1	-8.16	0.37	0.34	deMulderBosch1982,deWitEtal2025
GrN-10884	51.9103	4.8862	3866	440	1	-1.55	0.27	0.27	JelgersmaEtal1970,deWitEtal2025
GrN-10885	51.9102	4.8863	5995	334	1	-4.19	0.28	0.27	Gotje1993,deWitEtal2025
UtC-06953	51.7598	4.9849	6684	108	1	-5.12	0.22	0.21	BerendsenEtal2007,deWitEtal2025
UtC-06952	51.7598	4.9849	6629	115	1	-5.08	0.28	0.27	CohenStouthamer2012,deWitEtal2025
UtC-09177	51.8358	4.8231	7553	106	1	-10.23	0.28	0.28	CohenStouthamer2012,deWitEtal2025
GrN-18928	51.827	5.028	7132	333	1	-6.71	0.24	0.2	vandePlassche1982,deWitEtal2025
GrN-18969	51.7716	4.996	4608	175	1	-1.5	0.55	0.55	BerendsenStouthamer2001,deWitEtal2025
GrN-18970	51.8904	4.7306	5861	189	1	-3.55	0.73	0.73	BerendsenStouthamer2001,deWitEtal2025
GrN-10872	51.9102	4.8863	6167	366	1	-4.35	0.28	0.27	BerendsenEtal2007,vandePlasscheEtal2010,deWitEtal2025
GrN-18971	51.9272	4.7984	7138	129	1	-6.14	0.55	0.54	BerendsenStouthamer2001,deWitEtal2025
GrN-10096	51.8295	4.7482	6079	359	1	-4.94	0.28	0.28	BerendsenEtal2007,deWitEtal2025
GrN-09563	51.8294	4.7484	6106	358	1	-4.39	0.28	0.28	BerendsenStouthamer2001,deWitEtal2025
GrN-08914	52.1057	4.6464	7849	137	1	-10.64	0.34	0.29	vandePlasscheEtal2010,deWitEtal2025
GrN-08915	52.1018	4.5768	7851	159	1	-11.2	0.36	0.34	Gotje1997a,deWitEtal2025
GrN-08916	51.8854	4.5658	7142	155	1	-7.95	0.23	0.2	Jelgersma1961,deWitEtal2025
GrN-08917	51.8854	4.5658	7229	188	1	-8.33	0.24	0.19	vandePlassche1982,deWitEtal2025
GrN-08927	51.8867	4.5658	7560	125	1	-9.55	0.33	0.29	deWitEtal2025
GrN-08928	51.8867	4.5658	7553	111	1	-9.06	0.25	0.2	vandePlassche1982,deWitEtal2025
GrN-08929	51.8867	4.5658	7419	138	1	-9.04	0.33	0.29	vandePlasscheEtal2010,deWitEtal2025
GrN-08931	51.8867	4.5658	7228	182	1	-7.8	0.23	0.19	Jelgersma1961,deWitEtal2025
GrN-09157	52.0984	4.8938	6633	336	1	-7.14	0.3	0.28	vanDinter2018,deWitEtal2025
GrN-00201	51.8934	4.7896	8414	516	1	-10.03	0.33	0.28	Jelgersma1961,deWitEtal2025
GrN-09273	51.8854	4.5658	6529	325	1	-6.86	0.37	0.35	MakaskeEtal2002,deWitEtal2025
GrN-09408	51.9875	4.8558	8460	389	1	-10.25	0.34	0.28	vandePlassche1982,deWitEtal2025
GrN-09558	51.8293	4.7483	4719	477	1	-2.36	0.27	0.27	BrinkkemperEtal2006,deWitEtal2025
GrN-09559	51.8293	4.7483	5112	429	1	-2.78	0.27	0.27	DeJong1986,deWitEtal2025
GrN-09560	51.8293	4.7486	5321	404	1	-3.15	0.28	0.27	CohenStouthamer2012,deWitEtal2025
GrN-09561	51.8293	4.7485	5759	394	1	-3.55	0.28	0.27	vandePlassche1982,deWitEtal2025
GrN-09562	51.8294	4.7485	5906	370	1	-4.04	0.28	0.28	Jelgersma1961,deWitEtal2025
GrN-09564	51.8293	4.7484	3690	404	1	-1.28	0.36	0.36	DeJong1984,deWitEtal2025
GrN-08913	51.8854	4.5658	7137	215	1	-7.46	0.23	0.19	SpekEtal1997,deWitEtal2025
GrN-18972	51.9033	4.7043	5971	192	1	-4.31	0.59	0.58	BerendsenStouthamer2001,deWitEtal2025
GrN-18974	51.8602	4.7078	6196	153	1	-3.77	0.75	0.75	BerendsenStouthamer2001,deWitEtal2025
UtC-14570	52.0722	4.9168	6528	147	1	-5.83	0.3	0.28	BerendsenStouthamer2001,deWitEtal2025
UtC-14569	52.0722	4.9168	6889	184	1	-6.93	0.29	0.27	vandePlassche1982,deWitEtal2025
UtC-14289	51.7703	5.2428	5595	135	1	-2.74	0.15	0.12	Jelgersma1961,deWitEtal2025
UtC-13825	51.7734	4.591	7675	151	1	-9.41	0.44	0.41	deMoorEtal2013,deWitEtal2025
UtC-13817	51.7787	4.5882	8200	153	1	-12.09	0.6	0.55	HijmaEtal2009,deWitEtal2025
UtC-13814	51.959	4.8702	7766	164	1	-8.79	0.33	0.29	BoumanBos2012,deWitEtal2025
UtC-13813	51.9584	4.8706	5783	130	1	-2.55	0.27	0.27	BerendsenEtal2007,deWitEtal2025
UtC-13812	51.9585	4.8705	3276	175	1	-1.42	0.22	0.22	vanDijk1991,deWitEtal2025
UtC-13810	51.8729	4.7029	7382	178	1	-10.79	0.26	0.19	BoschKok1994,deWitEtal2025
UtC-13809	51.8729	4.7029	7743	159	1	-10.79	0.34	0.29	vanAsselen2010,deWitEtal2025
UtC-11991	52.0895	4.9999	5752	142	1	-3.6	0.22	0.21	Jelgersma1961,deWitEtal2025
UtC-09261	51.8359	4.8231	7596	81	1	-9.66	0.28	0.28	deWitEtal2025
UtC-10209	51.7309	4.9774	5874	117	1	-3.74	0.22	0.21	BrinkkemperEtal2006,deWitEtal2025
UtC-11756	51.9583	4.8707	6387	83	1	-5.3	0.22	0.2	BerendsenStouthamer2001,deWitEtal2025
UtC-10290	51.8502	4.6836	8062	110	1	-12.25	0.35	0.27	Barckhausen1984,deWitEtal2025
UtC-10289	51.7416	4.94	6454	209	1	-4.95	0.24	0.22	WoldringEtal2005,deWitEtal2025
UtC-10211	51.8209	5.1144	7137	123	1	-6.04	0.26	0.22	deMulderBosch1982,deWitEtal2025
UtC-14571	52.0349	4.8355	7683	155	1	-10.43	0.34	0.29	HijmaEtal2009,deWitEtal2025
GrN-18973	51.8873	4.7263	6069	125	1	-3.95	0.65	0.64	BerendsenStouthamer2001,deWitEtal2025
UtC-14572	52.0349	4.8355	7297	125	1	-8.03	0.33	0.29	BerendsenStouthamer2001,deWitEtal2025
UtC-14940	51.9237	4.4666	8292	89	0	-15.18	0.34	0.34	MeijlesEtal2018,deWitEtal2025
GrN-19073	51.8906	4.794	6466	134	1	-5.43	0.55	0.55	BerendsenStouthamer2001,deWitEtal2025
GrN-19074	51.8906	4.794	6402	86	1	-4.83	0.55	0.55	BerendsenStouthamer2001,deWitEtal2025
GrN-19076	51.8906	4.794	5462	119	1	-4.7	0.33	0.32	BerendsenStouthamer2001,deWitEtal2025
GrN-19078	51.8623	4.8184	6155	143	1	-4.49	0.55	0.54	Verbruggen1992,deWitEtal2025
GrN-19079	51.8623	4.8184	5904	170	1	-4.13	0.57	0.57	Verbruggen1992,deWitEtal2025
GrN-19080	51.8623	4.8184	5080	193	1	-2.84	0.57	0.56	MakaskeEtal2002,deWitEtal2025
GrN-19081	51.9572	4.8649	5872	123	1	-3.69	0.55	0.54	BerendsenStouthamer2001,deWitEtal2025
GrN-19327	51.7716	4.996	6181	118	1	-4.4	0.54	0.53	BerendsenStouthamer2001,deWitEtal2025
GrN-19329	51.871	5.0046	5261	179	1	-2.0	0.53	0.53	BerendsenStouthamer2001,deWitEtal2025
GrN-19330	51.871	5.0046	3821	84	1	-0.5	0.59	0.59	BerendsenStouthamer2001,deWitEtal2025
GrN-19681	51.9096	4.8858	5793	126	1	-3.1	0.53	0.53	BerendsenStouthamer2001,deWitEtal2025
GrN-19683	51.919	4.813	4695	149	1	-2.15	0.55	0.55	vanAsselenEtal2017,deWitEtal2025
UtC-09178	51.8359	4.8231	7119	139	1	-7.36	0.25	0.25	Jelgersma1960,deWitEtal2025
GrN-21720	51.7248	4.9772	4875	416	1	-2.77	0.22	0.21	vanDijk1991,deWitEtal2025
GrN-21721	51.7555	4.9718	6776	372	1	-6.07	0.37	0.35	CohenStouthamer2012,deWitEtal2025
UtC-15340	51.8412	4.5843	8211	159	1	-13.9	0.35	0.26	HijmaEtal2009,deWitEtal2025
UtC-15338	51.8691	4.5833	8205	151	1	-14.04	0.37	0.26	deWitEtal2025
UtC-14939	51.9237	4.4666	8620	149	1	-16.3	0.28	0.28	deWitEtal2025
GrN-08912	51.8854	4.5658	6809	149	1	-6.49	0.23	0.21	vanAsselen2010,deWitEtal2025
GrN-09189	51.8613	4.8336	7777	315	1	-9.5	0.58	0.58	vandePlassche1982,deWitEtal2025
GrN-07832	51.9563	4.493	5070	214	1	-2.93	0.28	0.27	MakaskeEtal2002,deWitEtal2025
GrN-07833	51.9563	4.493	5197	238	1	-3.22	0.28	0.27	JelgersmaEtal1970,deWitEtal2025
GrN-07834	51.9563	4.493	5158	262	0	-3.58	0.28	0.27	Jelgersma1961,deWitEtal2025
GrN-07835	51.9563	4.493	5337	243	0	-3.88	0.28	0.27	Jelgersma1961,deWitEtal2025
GrN-08434	51.8896	4.5661	4226	286	0	-2.6	0.21	0.21	CandelEtal2017,deWitEtal2025
GrN-08433	51.8896	4.5661	3805	284	0	-2.36	0.21	0.21	BerendsenEtal2007,vandePlasscheEtal2010,deWitEtal2025
GrN-08432	51.8896	4.5661	3833	255	1	-1.99	0.21	0.21	LohofAlders2008,deWitEtal2025
GrN-08431	51.8896	4.5661	3716	165	1	-1.78	0.21	0.21	LohofAlders2008,deWitEtal2025
GrN-07838	51.9563	4.493	5695	181	0	-4.34	0.28	0.27	vanLil2008,deWitEtal2025
GrN-07840	51.9563	4.493	5793	157	0	-4.71	0.28	0.27	Kiden1995,deWitEtal2025
GrN-07841	51.9563	4.493	6098	164	0	-5.14	0.29	0.27	Jelgersma1961,deWitEtal2025
GrN-07842	51.9563	4.493	6258	231	1	-5.32	0.28	0.27	Gotje1993,deWitEtal2025
GrN-07831	51.9563	4.493	4777	190	1	-2.72	0.28	0.27	vanDijk1991,deWitEtal2025
GrN-08304	51.8686	4.831	8138	345	1	-10.55	0.38	0.38	MakaskeEtal2002,deWitEtal2025
GrN-07844	51.9563	4.493	6208	173	1	-5.62	0.3	0.27	MakaskeEtal2002,deWitEtal2025
GrN-07845	51.9563	4.493	6160	148	0	-5.76	0.29	0.27	Gotje1993,deWitEtal2025
GrN-07846	51.9563	4.493	6364	131	1	-5.81	0.29	0.27	vandePlassche1980,deWitEtal2025
GrN-07848	51.9563	4.493	6489	156	1	-6.0	0.29	0.27	BerendsenEtal2007,vandePlasscheEtal2010,deWitEtal2025
GrN-07849	51.9563	4.493	6364	120	0	-6.35	0.29	0.27	Gotje1993,deWitEtal2025
GrN-07850	51.9563	4.493	6661	290	0	-7.06	0.23	0.21	vandePlasscheEtal2010,deWitEtal2025
GrN-07852	51.9563	4.493	7667	124	1	-10.05	0.33	0.29	deMoorEtal2013,deWitEtal2025
GrN-07853	51.9563	4.493	7554	111	0	-10.65	0.33	0.29	vandePlasscheEtal2010,deWitEtal2025
GrN-07855	51.9563	4.493	7712	123	1	-10.35	0.33	0.29	vandePlassche1982,deWitEtal2025
GrN-07856	51.9563	4.493	7718	125	0	-11.06	0.34	0.29	Jelgersma1961,deWitEtal2025
GrN-07857	51.9563	4.493	7776	144	0	-11.47	0.34	0.29	BerendsenEtal2007,vandePlasscheEtal2010,deWitEtal2025
GrN-07843	51.9563	4.493	6190	173	1	-5.59	0.29	0.27	BerendsenStouthamer2001,deWitEtal2025
GrN-07859	51.9563	4.493	7912	121	0	-12.05	0.32	0.26	deMoorEtal2009,deWitEtal2025
GrN-07830	51.9563	4.493	4379	236	1	-2.42	0.27	0.27	JelgersmaEtal1970,deWitEtal2025
GrN-08756	52.0722	4.9168	6878	255	1	-5.71	0.29	0.27	Gouw2008,GouwErkens2007,deWitEtal2025
GrN-08763	52.1087	4.7617	7332	139	1	-8.74	0.24	0.19	Gotje1997,deWitEtal2025
GrN-08762	52.1085	4.765	7971	199	1	-8.93	0.34	0.31	Cohen2005,deWitEtal2025
GrN-08799	51.8896	4.5661	3165	176	0	-1.49	0.2	0.2	CandelEtal2017,deWitEtal2025
GrN-02822	51.8412	4.8579	7691	264	1	-8.91	0.61	0.58	vandePlassche1995a,deWitEtal2025
GrN-01146	51.87	4.5494	4864	428	0	-3.14	0.24	0.24	Kiden1989a,deWitEtal2025
GrN-01145	51.87	4.5494	6837	397	1	-6.11	0.26	0.24	Jelgersma1961,deWitEtal2025
GrN-08761	52.1143	4.8277	7848	134	1	-8.33	0.32	0.29	BerendsenStouthamer2001,deWitEtal2025
GrN-08798	51.8896	4.5661	2852	115	0	-1.49	0.2	0.2	vandePlassche1982,deWitEtal2025
GrN-01148	51.87	4.5494	3806	382	0	-1.9	0.24	0.24	vandePlassche1982,deWitEtal2025
GrN-01160	51.87	4.5494	6817	407	1	-5.75	0.26	0.24	vandePlasscheEtal2010,deWitEtal2025
GrN-01619	52.0899	4.643	7962	338	1	-10.3	0.39	0.39	Jelgersma1961,deWitEtal2025
GrN-02821	51.849	4.6793	8159	288	1	-12.55	0.57	0.57	HijmaEtal2009,deWitEtal2025
GrN-01144	51.87	4.5494	5305	395	1	-3.35	0.24	0.24	BrinkkemperEtal2006,deWitEtal2025
GrN-08760	52.1141	4.8283	7413	140	1	-8.01	0.23	0.19	vandePlasscheEtal2010,deWitEtal2025
GrN-08757	52.0722	4.9167	6727	204	1	-5.42	0.29	0.27	BerendsenEtal2007,deWitEtal2025
GrN-01140	51.87	4.5494	5800	377	0	-4.21	0.24	0.23	VosNieuwhof2021,deWitEtal2025
GrN-01151	51.87	4.5494	6379	355	0	-5.61	0.26	0.24	vandePlassche1982,deWitEtal2025
GrN-01147	51.87	4.5494	4352	451	0	-2.6	0.24	0.23	BerendsenEtal2007,vandePlasscheEtal2010,deWitEtal2025
