Lu-1744	75.317	-20.05	4040	489	1.0	16.0	3.2	3.2	Hakansson1981
Lu-1743	75.317	-20.05	5167	412	1.0	16.0	3.2	3.2	Hakansson1981
Lu-1742	75.317	-20.05	5926	348	1.0	16.0	3.2	3.2	Hakansson1981
Lu-1741	75.317	-20.05	8254	264	1.0	16.0	3.2	3.2	Hakansson1981
Lu-1384	75.167	-19.85	10692	373	-1.0	30.0	6.0	6.0	Hakansson1978,Hjort1979,Hjort1981
K-2573	75.883	-21.867	8945	385	-1.0	9.0	1.8	1.8	Weidick1977
Lu-1386	75.317	-19.417	10099	349	-1.0	30.0	6.0	6.0	Hakansson1978,Hjort1979,Hjort1981
Lu-1289	75.717	-19.667	9845	314	-1.0	22.0	4.4	4.4	Hakansson1978,Hjort1979,Hjort1981
Ua-3356	75.311	-20.03	7824	344	-1.0	22.0	4.4	4.4	BjorckEtal1994a
K-2572	75.917	-21.967	8597	364	-1.0	8.0	1.6	1.6	Weidick1977
Lu-1390	75.217	-20.667	9055	316	-1.0	40.0	8.0	8.0	Hakansson1978,Hjort1979,Hjort1981
Ua-3353	75.341	-20.063	8438	159	1.0	65.0	10.0	10.0	BjorckEtal1994a
Ua-2787	75.146	-19.77	11325	391	-1.0	50.0	10.0	10.0	BjorckEtal1994a
Lu-1389	75.333	-18.917	10059	346	-1.0	41.0	8.2	8.2	Hakansson1978,Hjort1979,Hjort1981
Lu-1745	75.317	-20.05	2413	375	1.0	16.0	3.2	3.2	Hakansson1981
Lu-1746	75.317	-19.667	13454	314	1.0	87.5	12.5	12.5	Hakansson1981
Lu-1303	75.25	-20.917	9523	317	-1.0	25.0	5.0	5.0	Hakansson1978,Hjort1979,Hjort1981
Lu-3516	75.311	-20.03	10471	312	-1.0	20.0	4.0	4.0	BjorckEtal1994a
Lu-1300-1	75.283	-19.467	10202	335	-1.0	13.0	2.6	2.6	Hakansson1978,Hjort1979,Hjort1981
AAR-1193	75.311	-20.03	6833	307	1.0	22.0	4.4	4.4	BjorckEtal1994a
