AAR-2641	54.71	12.97	11581	286	-1	-26.0	1.118033988749895	1.118033988749895	BennikeJensen1998,RosentauEtal2021
AAR-2642	54.73	12.96	11789	373	-1	-29.7	1.118033988749895	1.118033988749895	BennikeJensen1998,RosentauEtal2021
AAR-2643	54.73	12.96	7080	251	-1	-28.3	1.118033988749895	1.118033988749895	BennikeJensen1998,RosentauEtal2021
AAR-2644	54.8	12.35	10501	226	-1	-26.9	1.118033988749895	1.118033988749895	BennikeJensen1998,RosentauEtal2021
K-6584	54.73	12.96	10973	286	-1	-29.2	1.118033988749895	1.118033988749895	BennikeJensen1998,RosentauEtal2021
AAR-2640	54.71	12.97	11937	479	-1	-26.2	1.118033988749895	1.118033988749895	BennikeJensen1998,RosentauEtal2021
K-6342	54.73	12.94	10305	380	-1	-30.0	1.118033988749895	1.118033988749895	BennikeJensen1998,RosentauEtal2021
K-6343	54.66	12.58	11033	424	0	-22.4	1.2247448713915892	1.2247448713915892	BennikeJensen1998,RosentauEtal2021
AAR-2375	54.89	12.97	2536	258	-1	-36.6	1.118033988749895	1.118033988749895	BennikeJensen1998,RosentauEtal2021
AAR-2647	54.82	12.52	7527	236	-1	-26.3	1.118033988749895	1.118033988749895	BennikeJensen1998,RosentauEtal2021
AAR-2645	54.8	12.35	7373	203	-1	-25.0	1.118033988749895	1.118033988749895	BennikeJensen1998,RosentauEtal2021
AAR-2639	54.89	12.77	11220	315	-1	-24.4	1.118033988749895	1.118033988749895	BennikeJensen1998,RosentauEtal2021
K-6591	54.8	12.35	10314	315	-1	-27.0	1.118033988749895	1.118033988749895	BennikeJensen1998,RosentauEtal2021
K-6592	54.8	12.35	10441	194	-1	-27.0	1.118033988749895	1.118033988749895	BennikeJensen1998,RosentauEtal2021
K-6590	54.8	12.35	10914	321	-1	-26.4	1.118033988749895	1.118033988749895	BennikeJensen1998,RosentauEtal2021
AAR-1922	54.89	12.97	10941	272	-1	-39.7	1.118033988749895	1.118033988749895	JensenEtal1997,RosentauEtal2021
AAR-1923	54.91	13.05	10662	361	-1	-44.3	1.118033988749895	1.118033988749895	JensenEtal1997,RosentauEtal2021
AAR-2648	54.82	12.54	10046	336	-1	-21.8	1.118033988749895	1.118033988749895	BennikeJensen1998,RosentauEtal2021
AAR-1555	54.65	12.91	6665	249	-1	-19.2	1.118033988749895	1.118033988749895	BennikeJensen1998,RosentauEtal2021
AAR-2059	54.92	12.86	12369	361	-1	-35.7	1.118033988749895	1.118033988749895	BennikeJensen1998,RosentauEtal2021
K-6589	54.8	12.35	10665	391	-1	-26.4	1.118033988749895	1.118033988749895	BennikeJensen1998,RosentauEtal2021
K-6588	54.65	12.95	6069	300	-1	-19.7	1.118033988749895	1.118033988749895	BennikeJensen1998,RosentauEtal2021
K-6587	54.73	12.96	9907	283	-1	-28.9	1.118033988749895	1.118033988749895	BennikeJensen1998,RosentauEtal2021
K-6586	54.73	12.96	10870	332	-1	-28.9	1.118033988749895	1.118033988749895	BennikeJensen1998,RosentauEtal2021
AAR-2057	54.92	12.86	10982	740	-1	-34.4	1.118033988749895	1.118033988749895	BennikeJensen1998,RosentauEtal2021
K-6585	54.73	12.96	11498	298	-1	-29.2	1.118033988749895	1.118033988749895	BennikeJensen1998,RosentauEtal2021
AAR-2637	54.72	12.77	15042	472	-1	-27.7	1.118033988749895	1.118033988749895	JensenEtal1997,RosentauEtal2021
AAR-2649	54.82	12.54	9691	220	-1	-21.0	1.118033988749895	1.118033988749895	BennikeJensen1998,RosentauEtal2021
AAR-2646	54.8	12.35	8312	115	-1	-25.0	1.118033988749895	1.118033988749895	BennikeJensen1998,RosentauEtal2021
AAR-3040	54.72	12.77	14304	479	-1	-26.7	1.118033988749895	1.118033988749895	JensenEtal1997,RosentauEtal2021
