GrN-00635	52.051	4.2278	4316	506	1	-1.48	0.55	0.54	vanDijk1991,deWitEtal2025
GrN-00631	52.068	4.2175	1373	359	1	1.52	0.54	0.54	vandePlassche1982,deWitEtal2025
GrN-00275	52.0433	4.2634	4503	609	1	-3.3	0.24	0.24	vandePlassche1982,deWitEtal2025
GrN-00240	51.684	4.44	7364	582	1	-8.86	0.36	0.36	vanAsselen2010,deWitEtal2025
GrM-32834	51.905	4.2715	8781	365	1	-17.31	0.28	0.28	MeijlesEtal2018,deWitEtal2025
GrM-32833	51.905	4.2715	8317	290	0	-17.23	0.32	0.32	HijmaCohen2010,deWitEtal2025
GrA-55038	51.9751	4.0231	9219	177	1	-20.46	0.28	0.28	Jelgersma1961,deWitEtal2025
GrN-21460	51.9997	3.9891	8601	414	0	-19.58	0.32	0.32	HijmaCohen2010,deWitEtal2025
GrA-55016	51.9756	4.0237	9218	174	1	-20.03	0.27	0.27	Vos2013,VosCohen2014,VosEtal2015,deWitEtal2025
beta-247585	51.9677	4.1019	9321	160	1	-20.84	0.33	0.33	vanHeterenEtal2002,deWitEtal2025
beta-247584	51.9677	4.1019	9436	99	1	-20.89	0.33	0.33	VosEtal2011,deWitEtal2025
beta-247583	51.9677	4.1019	9296	160	1	-20.93	0.33	0.33	VosEtal2011,deWitEtal2025
UtC-15404	51.961	4.0003	8775	216	0	-20.44	0.32	0.32	HijmaCohen2010,deWitEtal2025
UtC-15346	51.9363	3.9737	10794	272	1	-23.47	0.25	0.25	vanHeterenEtal2002,deWitEtal2025
UtC-15344	51.9561	3.9956	8501	96	0	-19.6	0.3	0.3	VosEtal2011,deWitEtal2025
UtC-15342	51.9512	4.3719	8139	144	1	-13.33	0.71	0.67	HijmaEtal2009,deWitEtal2025
UtC-15337	52.1174	4.5092	7775	143	1	-11.87	0.42	0.36	Jelgersma1961,deWitEtal2025
GrA-42322	51.9212	4.2988	8764	203	1	-17.04	0.27	0.27	HijmaEtal2009,deWitEtal2025
GrA-42323	51.9222	4.3773	8514	84	1	-15.07	0.55	0.55	Vos1992,deWitEtal2025
GrA-42422	51.774	4.2607	8261	193	0	-15.97	0.24	0.24	HijmaEtal2009,deWitEtal2025
GrA-55018	51.9758	4.0252	9149	125	1	-20.13	0.29	0.29	Vos2013,VosCohen2014,VosEtal2015,deWitEtal2025
GrA-49530	52.1181	4.3914	8182	137	0	-15.18	0.28	0.28	vanStraaten1954,deWitEtal2025
UtC-14224	51.8612	4.3887	8755	228	1	-16.54	0.21	0.21	Jelgersma1961,deWitEtal2025
UtC-14223	52.152	4.5368	7710	116	1	-11.54	0.35	0.35	KosterEtal2017,deWitEtal2025
UtC-14222	52.1474	4.5216	7711	130	0	-12.12	0.35	0.35	deMulderBosch1982,deWitEtal2025
UtC-14221	52.1441	4.5135	7928	205	1	-12.19	0.31	0.31	Cohen2005,deWitEtal2025
GrA-49579	52.1181	4.3914	7921	84	-1	-13.69	0.24	0.24	HijmaEtal2009,deWitEtal2025
GrA-54924	51.9754	4.0245	9028	225	1	-19.96	0.28	0.28	Vos2013,VosCohen2014,VosEtal2015,deWitEtal2025
GrA-54926	51.9755	4.0234	8770	208	1	-19.61	0.29	0.29	Vos2013,VosCohen2014,VosEtal2015,deWitEtal2025
GrA-54928	51.9757	4.0239	8877	208	1	-19.65	0.29	0.29	Vos2013,VosCohen2014,VosEtal2015,deWitEtal2025
GrA-55001	51.9732	4.034	9135	129	1	-20.75	0.28	0.28	Vos2013,VosCohen2014,VosEtal2015,deWitEtal2025
GrA-55010	51.9727	4.0357	8522	85	1	-19.16	0.31	0.31	Veldkamp1996,deWitEtal2025
GrA-55012	51.9723	4.0368	8770	200	1	-19.43	0.29	0.29	Vos2013,VosCohen2014,VosEtal2015,deWitEtal2025
GrA-49576	51.6805	4.3308	7795	106	1	-10.73	0.29	0.29	vanderWoude1983,deWitEtal2025
GrA-49578	51.7815	4.3739	8045	100	0	-14.21	0.26	0.26	deWitEtal2025
GrN-08417	52.1477	4.4317	3558	134	1	-1.85	0.21	0.21	DeJong1992b,deWitEtal2025
GrN-02180	51.8615	4.3899	8864	415	1	-17.15	0.24	0.24	HijmaCohen2010,deWitEtal2025
Poz-36913	51.9678	4.0536	8551	392	0	-18.52	0.35	0.35	deWitEtal2025
GrN-15292	51.9075	4.3576	7044	199	0	-7.81	0.27	0.27	deWitEtal2025
GrN-15293	51.9075	4.3576	7068	180	0	-7.53	0.28	0.28	MakaskeEtal2002,deWitEtal2025
GrN-15294	51.9075	4.3576	6840	162	1	-6.91	0.28	0.28	vanDijk1991,deWitEtal2025
GrN-15295	51.9075	4.3576	6727	204	0	-7.0	0.28	0.28	BerendsenEtal2007,vandePlasscheEtal2010,deWitEtal2025
GrN-15296	51.9075	4.3576	6660	199	1	-6.67	0.28	0.28	vandePlassche1982,deWitEtal2025
Poz-00000a	51.6158	4.4143	5540	56	1	-3.42	0.22	0.21	Jelgersma1961,deWitEtal2025
GrN-15297	51.9075	4.3576	6756	186	1	-6.56	0.28	0.28	vandePlasscheEtal2010,deWitEtal2025
GrN-15298	51.9075	4.3576	6530	198	1	-6.52	0.28	0.28	deWitEtal2025
GrN-15299	51.9075	4.3576	6648	179	1	-6.18	0.28	0.28	Berendsen1982,deWitEtal2025
Poz-36943	51.9678	4.0536	8391	339	0	-17.87	0.58	0.58	VosEtal2011,deWitEtal2025
GrN-15300	51.9075	4.3576	6468	150	0	-6.15	0.28	0.28	vandePlasscheEtal2010,deWitEtal2025
GrN-15302	51.9075	4.3576	6167	197	0	-5.6	0.28	0.28	Gotje1993,deWitEtal2025
GrN-15303	51.9075	4.3576	6229	174	0	-5.38	0.28	0.28	Gotje1993,deWitEtal2025
GrN-15305	51.9075	4.3576	5793	157	0	-4.73	0.28	0.28	vandePlasscheEtal2010,deWitEtal2025
GrN-15306	51.9075	4.3576	5787	161	1	-4.49	0.28	0.28	vandePlassche1982,deWitEtal2025
GrN-15307	51.9075	4.3576	5761	148	0	-4.6	0.28	0.28	Gotje1993,deWitEtal2025
GrN-15775	51.9075	4.3576	7096	209	0	-7.86	0.31	0.27	BoumanBos2012,deWitEtal2025
GrN-21607	51.9319	4.2524	9179	360	1	-18.5	0.34	0.34	vandeMeene1994,deWitEtal2025
GrN-21466	51.9341	3.8199	10472	580	1	-24.01	0.29	0.29	HijmaCohen2010,deWitEtal2025
GrN-21465	51.9667	3.8322	9364	521	1	-20.91	0.63	0.63	SlupikEtal2013,deWitEtal2025
GrN-21464	51.939	3.8432	10205	538	1	-23.1	0.57	0.57	vanHeterenEtal2002,deWitEtal2025
GrN-15301	51.9075	4.3576	6470	154	1	-5.7	0.28	0.28	vandePlassche1982,deWitEtal2025
GrN-01623	52.1831	4.4733	4819	462	1	-2.79	0.38	0.37	vandePlassche1982,deWitEtal2025
GrN-15291	51.9075	4.3576	7053	188	0	-8.06	0.27	0.27	BerendsenEtal2007,vandePlasscheEtal2010,deWitEtal2025
GrN-15289	51.9075	4.3576	5449	136	0	-3.71	0.28	0.28	Gotje1993,deWitEtal2025
GrN-08411	52.1512	4.4228	4193	237	1	-1.71	0.22	0.22	Jelgersma1961,deWitEtal2025
GrN-08412	52.1316	4.4452	4778	185	1	-2.58	0.22	0.22	deWitEtal2025
GrN-08413	52.1316	4.4452	4598	217	1	-2.09	0.23	0.23	BrinkkemperEtal2006,deWitEtal2025
GrN-08414	52.1468	4.4302	3124	213	1	-1.25	0.21	0.21	vanAsselenEtal2017,deWitEtal2025
GrN-08415	52.1468	4.4302	3166	182	1	-1.55	0.21	0.21	deJongVanRegterenAltena1972,deWitEtal2025
GrN-08416	52.1468	4.4302	3329	138	1	-1.89	0.21	0.21	vandePlassche1982,deWitEtal2025
GrN-08418	52.1477	4.4317	3883	190	1	-2.17	0.21	0.21	BrinkkemperEtal2006,deWitEtal2025
GrN-08419	52.1477	4.4317	3698	215	1	-2.02	0.36	0.35	BrinkkemperEtal2006,deWitEtal2025
GrN-08420	52.1477	4.4317	3934	198	1	-2.24	0.28	0.28	vanAsselenEtal2017,deWitEtal2025
GrN-08862	52.1052	4.4056	4852	427	1	-2.76	0.28	0.28	vandePlassche1982,deWitEtal2025
GrN-15290	51.9075	4.3576	7319	130	1	-8.48	0.27	0.27	vandePlasscheEtal2010,deWitEtal2025
GrN-08863	52.1052	4.4056	4520	278	1	-2.49	0.22	0.22	vandePlassche1982,deWitEtal2025
GrN-08865	52.1052	4.4056	4266	226	1	-1.59	0.22	0.21	vandePlassche1982,deWitEtal2025
GrN-08866	52.1052	4.4056	3747	217	1	-1.63	0.21	0.21	JelgersmaEtal1970,deWitEtal2025
GrN-08907	52.1501	4.3907	3571	143	1	-1.21	0.27	0.27	vandePlassche1982,deWitEtal2025
GrN-08908	52.1501	4.3907	2859	99	1	-1.36	0.27	0.27	vandePlassche1982,deWitEtal2025
GrN-08909	52.1466	4.401	3782	198	1	-1.93	0.27	0.27	vandePlassche1982,deWitEtal2025
GrN-08910	52.1531	4.4279	3804	206	1	-2.06	0.21	0.21	vandePlassche1982,deWitEtal2025
GrN-08911	52.1457	4.4098	3481	182	1	-1.77	0.27	0.27	vanDijk1991,deWitEtal2025
GrN-15010	52.1027	4.3173	3583	364	1	-0.49	0.35	0.35	DeGrootEtal1996,deWitEtal2025
GrN-15012	52.0774	4.307	3565	369	1	-0.25	0.35	0.35	Aalbersberg2018,deWitEtal2025
GrN-15288	51.9075	4.3576	5467	130	0	-3.99	0.28	0.28	Griede1978,deWitEtal2025
GrN-08864	52.1052	4.4056	4171	223	1	-1.9	0.21	0.21	vandePlassche1982,deWitEtal2025
GrN-08926	52.1457	4.4098	3165	176	1	-1.51	0.27	0.27	DeJong1984,deWitEtal2025
