Z-4686	42.98	16.01	752	377	0.0	-0.725	0.3	0.3	FaivreEtal2013,VacchiEtal2016
Z-4851	43.08	16.18	154	154	0.0	-0.275	0.3	0.3	FaivreEtal2013,VacchiEtal2016
Faivre_2010_01	43.06	16.18	1850	100	0.0	-1.1	0.3	0.3	FaivreEtal2010,FaivreEtal2013,VacchiEtal2016
Z-4852	43.08	16.18	171	165	0.0	-0.275	0.3	0.3	FaivreEtal2013,VacchiEtal2016
Faivre_2010_02	43.06	16.18	2400	200	1.0	-0.76	0.1	0.1	FaivreEtal2010,VacchiEtal2016
Z-4685	42.98	16.01	930	368	0.0	-0.725	0.3	0.3	FaivreEtal2013,VacchiEtal2016
Z-4301	43.08	16.18	271	251	0.0	-0.275	0.3	0.3	FaivreEtal2013,VacchiEtal2016
Z-4848	43.08	16.18	156	156	0.0	-0.275	0.3	0.3	FaivreEtal2013,VacchiEtal2016
Z-4642	43.08	16.18	825	355	0.0	-0.6749999999999999	0.3	0.3	FaivreEtal2013,VacchiEtal2016
Z-4692	42.98	16.01	2196	480	0.0	-1.47	0.3	0.3	FaivreEtal2013,VacchiEtal2016
Z-4693	42.98	16.01	276	257	0.0	-0.22499999999999998	0.3	0.3	FaivreEtal2013,VacchiEtal2016
Z-4694	42.98	16.01	169	169	0.0	-0.22499999999999998	0.3	0.3	FaivreEtal2013,VacchiEtal2016
Z-4695	43.01	16.22	215	215	0.0	-0.22	0.3	0.3	FaivreEtal2013,VacchiEtal2016
Z-4312	43.08	16.18	780	357	0.0	-0.6749999999999999	0.3	0.3	FaivreEtal2013,VacchiEtal2016
Z-4311	43.08	16.18	980	391	0.0	-0.6749999999999999	0.3	0.3	FaivreEtal2013,VacchiEtal2016
Z-4696	43.01	16.22	246	234	0.0	-0.22	0.3	0.3	FaivreEtal2013,VacchiEtal2016
Z-4302	43.08	16.18	244	231	0.0	-0.275	0.3	0.3	FaivreEtal2013,VacchiEtal2016
Z-4303	43.08	16.18	172	166	0.0	-0.275	0.3	0.3	FaivreEtal2013,VacchiEtal2016
Z-4849	43.08	16.18	285	267	0.0	-0.275	0.3	0.3	FaivreEtal2013,VacchiEtal2016
Z-4850	43.08	16.18	177	177	0.0	-0.275	0.3	0.3	FaivreEtal2013,VacchiEtal2016
Z-4310	43.08	16.18	951	365	0.0	-0.6749999999999999	0.3	0.3	FaivreEtal2013,VacchiEtal2016
Z-4309	43.08	16.18	944	368	0.0	-0.6749999999999999	0.3	0.3	FaivreEtal2013,VacchiEtal2016
Z-4308	43.08	16.18	756	371	0.0	-0.6749999999999999	0.3	0.3	FaivreEtal2013,VacchiEtal2016
Z-4307	43.08	16.18	804	400	0.0	-0.6749999999999999	0.3	0.3	FaivreEtal2013,VacchiEtal2016
