GrM-32836	52.6233	5.0083	8317	290	1	-16.71	0.25	0.25	deWitEtal2025
GrN-21461	52.4958	4.4803	9066	183	1	-21.16	0.4911207183575134	0.48856888971771417	HijmaEtal2025
GrM-33165	52.6233	5.0083	8234	116	0	-16.3	0.23	0.23	deWitEtal2025
GrM-32835	52.6361	4.8735	9134	383	1	-18.04	0.23	0.23	deWitEtal2025
GrN-14270	52.814	4.9134	7246	328	0	-9.8	0.44	0.39	KosterEtal2017,deWitEtal2025
GrN-14280	52.7159	5.2562	8138	345	1	-10.86	0.4	0.4	KosterEtal2017,deWitEtal2025
GrN-13722	52.3619	4.6524	3933	411	1	-2.54	0.29	0.29	DeJong1989,deWitEtal2025
GrN-10921	52.3619	4.6524	4783	469	1	-3.39	0.2	0.2	DeJong1989,deWitEtal2025
GrN-08097	52.7055	5.1354	7710	258	0	-10.81	0.57	0.57	deMulderBosch1982,deWitEtal2025
GrN-08098	52.7055	5.1354	7853	269	0	-11.63	0.32	0.32	deMulderBosch1982,deWitEtal2025
GrN-10247	52.6139	4.7228	3762	368	1	-1.78	0.26	0.26	DeJong1986,deWitEtal2025
GrN-10245	52.7055	5.1354	8492	410	1	-11.71	0.44	0.38	ZagwijnDeJong1982,deWitEtal2025
GrA-25958	52.3941	4.6401	4083	145	1	-1.16	0.34	0.34	vanSmeerdijk2004,deWitEtal2025
GrM-33192	52.3426	5.0123	7154	107	0	-8.62	0.21	0.21	deWitEtal2025
GrN-14899	52.5429	5.0257	8348	363	1	-15.68	0.38	0.38	KosterEtal2017,deWitEtal2025
GrM-33193	52.3755	4.9845	7782	83	1	-11.68	0.28	0.28	deWitEtal2025
GrM-32837	52.3426	5.0123	6919	341	0	-9.07	0.21	0.21	deWitEtal2025
GrN-05217	52.632	4.7431	3338	386	1	-1.13	0.36	0.36	deJongVanRegterenAltena1972,deWitEtal2025
UtC-02432	52.4579	4.5706	8723	253	1	-17.13	0.5	0.35	vandeMeene1994,deWitEtal2025
GrN-00075	52.4602	4.6557	7962	441	0	-14.92	0.32	0.32	vanStraaten1954,deWitEtal2025
GrN-01062	52.9201	4.7486	5555	443	0	-4.31	0.38	0.38	Jelgersma1961,deWitEtal2025
GrN-01060-62	52.9201	4.7486	5671	457	0	-3.51	0.37	0.37	Jelgersma1961,deWitEtal2025
GrN-01060	52.9201	4.7486	5748	373	0	-3.55	0.37	0.37	Jelgersma1961,deWitEtal2025
GrM-33460	52.3755	4.9845	7500	253	0	-10.9	0.4	0.4	deWitEtal2025
GrN-0007X	52.456	4.6561	3788	430	-1	-2.51	0.61	0.61	vanStraaten1954,deWitEtal2025
GrN-01131	52.7593	4.6839	6351	352	0	-6.25	0.39	0.39	Jelgersma1961,deWitEtal2025
GrN-0007Y	52.456	4.6561	3981	527	-1	-2.49	0.61	0.61	vanStraaten1954,deWitEtal2025
GrN-01057	52.5206	4.721	8647	380	0	-20.15	0.46	0.46	Jelgersma1961,deWitEtal2025
GrN-00161	52.4599	4.6571	8674	598	1	-15.38	0.38	0.38	Jelgersma1961,deWitEtal2025
GrN-00165	52.4599	4.6571	8958	582	1	-15.3	0.37	0.37	Jelgersma1961,deWitEtal2025
GrN-00181	52.4581	4.6544	7512	279	-1	-11.02	0.56	0.56	vanStraaten1954,deWitEtal2025
GrN-00194	52.4581	4.6544	7609	493	-1	-11.13	0.56	0.56	vanStraaten1954,deWitEtal2025
GrN-00200	52.4567	4.6544	7583	513	-1	-10.97	0.57	0.57	vanStraaten1954,deWitEtal2025
GrN-00455	52.9201	4.7486	7161	479	1	-5.14	0.37	0.37	Jelgersma1961,deWitEtal2025
GrN-00154	52.4602	4.6543	7306	341	-1	-14.07	0.53	0.53	vanStraaten1954,deWitEtal2025
GrN-00476	52.9201	4.7486	5637	587	1	-3.84	0.37	0.37	Jelgersma1961,deWitEtal2025
GrM-34119	52.3721	4.8194	7383	89	0	-11.77	0.22	0.22	deWitEtal2025
GrN-01569	52.2703	4.5338	3795	387	1	-1.85	0.28	0.28	Jelgersma1961,deWitEtal2025
GrN-05084	52.6219	4.6333	2176	424	1	-2.26	0.36	0.36	JelgersmaEtal1970,deWitEtal2025
GrN-04935	52.3833	4.6	4033	400	1	-2.18	0.54	0.54	JelgersmaEtal1970,deWitEtal2025
GrN-04772	52.3456	4.5625	3141	345	1	-0.94	0.36	0.36	JelgersmaEtal1970,deWitEtal2025
GrN-01150	52.2921	4.5085	3177	366	1	-0.77	0.28	0.28	Jelgersma1961,deWitEtal2025
GrN-01153	52.2921	4.5085	3174	365	1	-1.07	0.28	0.28	DeJong1992b,deWitEtal2025
GrM-34104	52.3353	4.7006	7886	84	1	-11.12	0.31	0.31	deWitEtal2025
GrM-33461	52.3721	4.8194	6990	322	-1	-10.25	0.52	0.52	deWitEtal2025
GrN-04565	52.3256	4.5156	2880	424	1	-0.4	0.54	0.54	JelgersmaEtal1970,deWitEtal2025
GrN-01132	52.7918	4.7097	6941	383	1	-6.19	0.41	0.38	deMulderBosch1982,deWitEtal2025
GrN-01633	52.7918	4.7097	7057	377	1	-6.29	0.41	0.38	Jelgersma1961,deWitEtal2025
GrN-01624	52.7918	4.7097	6880	380	1	-6.34	0.41	0.39	deMulderBosch1982,deWitEtal2025
GrM-33573	52.3353	4.7006	7509	64	0	-10.97	0.2	0.2	deWitEtal2025
GrN-02274	52.4486	4.5193	9056	436	1	-19.32	0.51	0.31	Jelgersma1961,deWitEtal2025
GrN-00824	52.8766	4.8549	6478	419	0	-6.96	0.45	0.42	DuBurck1960,DuBurck1972,EnteEtal1975,deWitEtal2025
