CB10-052	-68.06280463	-67.16563512	6170	1340	1.0	17.3	0.5	0.5	SimkinsEtal2013,LecavalierEtal2023
CB10-026	-68.06136259	-67.16612203	1000	600	1.0	3.3	0.5	0.5	SimkinsEtal2013,LecavalierEtal2023
CB10-027	-68.06136612	-67.16612129	730	480	1.0	3.3	0.5	0.5	SimkinsEtal2013,LecavalierEtal2023
CB10-030	-68.062	-67.166	2560	1020	1.0	3.4	0.5	0.5	SimkinsEtal2013,LecavalierEtal2023
CB10-033	-68.06169553	-67.16661923	1940	540	1.0	6.5	0.5	0.5	SimkinsEtal2013,LecavalierEtal2023
CB10-034	-68.06173627	-67.16641594	47610	34800	0.0	6.5	0.5	0.5	SimkinsEtal2013,LecavalierEtal2023
CB10-039	-68.06192909	-67.16685256	5720	700	0.0	7.4	0.5	0.5	SimkinsEtal2013,LecavalierEtal2023
CB10-046	-68.062	-67.166	2370	520	1.0	11.3	0.5	0.5	SimkinsEtal2013,LecavalierEtal2023
CB10-025	-68.0614557	-67.16552951	4080	1020	0.0	2.7	0.5	0.5	SimkinsEtal2013,LecavalierEtal2023
CB10-048	-68.06261063	-67.16555632	3100	1420	1.0	13.1	0.5	0.5	SimkinsEtal2013,LecavalierEtal2023
CB10-057	-68.06330629	-67.16689632	4090	820	1.0	21.7	0.5	0.5	SimkinsEtal2013,LecavalierEtal2023
CB10-059	-68.06330865	-67.16690208	5550	2740	1.0	21.7	0.5	0.5	SimkinsEtal2013,LecavalierEtal2023
CB10-064	-68.0614557	-67.16552951	3920	1180	0.0	2.2	0.5	0.5	SimkinsEtal2013,LecavalierEtal2023
CB10-044	-68.06228306	-67.16524363	3230	700	1.0	9.0	0.5	0.5	SimkinsEtal2013,LecavalierEtal2023
CB10-022	-68.06443735	-67.1665891	6770	1380	1.0	40.8	0.5	0.5	SimkinsEtal2013,LecavalierEtal2023
CB10-009	-68.06439205	-67.16483766	920	560	1.0	34.9	0.5	0.5	SimkinsEtal2013,LecavalierEtal2023
CB10-069	-68.062	-67.166	2980	560	1.0	3.4	0.5	0.5	SimkinsEtal2013,LecavalierEtal2023
CB10-006	-68.06425773	-67.16442864	12570	4480	1.0	33.8	0.5	0.5	SimkinsEtal2013,LecavalierEtal2023
CB10-004	-68.06414793	-67.16397734	9250	2240	1.0	31.8	0.5	0.5	SimkinsEtal2013,LecavalierEtal2023
CB10-003	-68.06414793	-67.16397734	13150	3560	1.0	31.8	0.5	0.5	SimkinsEtal2013,LecavalierEtal2023
CB10-021	-68.06443735	-67.1665891	14740	3600	1.0	40.8	0.5	0.5	SimkinsEtal2013,LecavalierEtal2023
