Poz-43545	65.045	-22.727	7129	274	0	-0.2	0.3	0.3	BraderEtal2015
Poz-43546	65.059	-22.712	11053	337	0	3.2	0.3	0.3	BraderEtal2015
Lu-3109	65.008	-21.659	11161	379	-1	15.0	3.0	3.0	NorddahlAsbjornsdottir1995,NorddahlPetursson2005
Poz-43547	65.005	-22.718	12507	319	0	14.1	0.3	0.3	BraderEtal2015
GU-14474	65.454	-22.28	2435	288	0	1.0	0.3	0.3	LloydEtal2009
Estimated	65.54	-22.092	14329	525	0	77.1	0.3	0.3	LloydEtal2009
Lu-2778	65.389	-21.959	13056	282	-1	20.0	4.0	4.0	Andresdottir1987,AsbjornsdottirNorddahl1995,NorddahlPetursson2005
Poz-15682	65.53	-22.077	10980	309	0	38.6	0.3	0.3	LloydEtal2009
Lu-2776	65.232	-22.479	13121	255	-1	11.0	2.2	2.2	Andresdottir1987,AsbjornsdottirNorddahl1995,NorddahlPetursson2005
Poz-15683	65.444	-22.225	3313	270	0	1.0	0.3	0.3	LloydEtal2009
Poz-15684	65.551	-22.105	13317	233	0	49.1	0.3	0.3	LloydEtal2009
SUERC-47977	65.047	-22.786	11545	311	0	2.6	0.3	0.3	BraderEtal2015
SUERC-47983	65.018	-22.696	12310	368	0	6.8	0.3	0.3	BraderEtal2015
GU-14335	65.53	-22.077	11547	314	0	39.1	0.3	0.3	LloydEtal2009
SUERC-47981	65.039	-22.74	11472	319	0	10.6	0.3	0.3	BraderEtal2015
U-2019	65.4	-21.933	12863	788	-1	15.0	3.0	3.0	OlssonEtal1967,Kjartansson1966,NorddahlPetursson2005
SUERC-47976	65.045	-22.727	9951	305	0	0.9	0.3	0.3	BraderEtal2015
GU-13956	65.543	-22.085	12342	361	1	91.6	0.3	0.3	LloydEtal2009
Lu-3110	65.036	-21.769	11031	417	-1	10.5	2.1	2.1	NorddahlAsbjornsdottir1995,NorddahlPetursson2005
Lu-3111	65.013	-21.683	11320	369	-1	7.0	1.4000000000000001	1.4000000000000001	NorddahlAsbjornsdottir1995,NorddahlPetursson2005
Hafrafellsvatn-01	65.505	-22.046	10114	436	0	22.2	0.3	0.3	IngolfssonEtal1995,LloydEtal2009
Lu-3115	65.104	-21.734	11161	379	-1	29.0	5.8	5.8	NorddahlAsbjornsdottir1995,NorddahlPetursson2005
Lu-3114	65.104	-21.734	11175	377	-1	24.0	4.8	4.8	NorddahlAsbjornsdottir1995,NorddahlPetursson2005
Lu-3112	65.159	-22.369	11057	351	-1	13.5	2.7	2.7	NorddahlAsbjornsdottir1995,NorddahlPetursson2005
Lu-3342	65.232	-22.479	12958	251	-1	2.0	1.0	1.0	Andresdottir1987,AsbjornsdottirNorddahl1995,NorddahlPetursson2005
