U-2	64.25	-15.0	7388	188	1	-2	1.0	1.0	Jonsson1957,Olsson1959
Lu-3802	64.79	-14.151	10943	371	-1	28	3.0	3.0	NorddahlEinarsson2001,NorddahlPetursson2005
Lu-3800	64.706	-14.31	11237	426	-1	15	3.0	3.0	NorddahlEinarsson2001,NorddahlPetursson2005
Lu-3668	64.686	-14.346	11712	455	-1	7	3.0	3.0	NorddahlEinarsson2001,NorddahlPetursson2005
Lu-2674	64.683	-14.933	11340	357	-1	7	1.4	1.4	NorddahlHjort1987,Hakansson1988,NorddahlPetursson2005
Lu-2673	64.683	-14.933	10933	284	-1	23	4.6	4.6	NorddahlHjort1987,Hakansson1988,NorddahlPetursson2005
Iceland_ML_48	64.688084	-14.381648	10850	450	-2	23	3.0	5.0	NorddahlEinarsson2001
Iceland_ML_33	64.762532	-14.059308	12300	600	-2	41	3.0	5.0	NorddahlEinarsson2001
Iceland_ML_19	64.638138	-14.511127	12300	600	-2	44	3.0	5.0	NorddahlEinarsson2001
Iceland_ML_20	64.65668	-14.325037	12300	600	-2	37	3.0	5.0	NorddahlEinarsson2001
Iceland_ML_49	64.724261	-14.406764	10850	450	-2	37	3.0	5.0	NorddahlEinarsson2001
Iceland_ML_47	64.680664	-14.364591	10850	450	-2	24	3.0	5.0	NorddahlEinarsson2001
Iceland_ML_46	64.657993	-14.507016	10850	450	-2	31	3.0	5.0	NorddahlEinarsson2001
Iceland_ML_45	64.659956	-14.527803	10850	450	-2	28	3.0	5.0	NorddahlEinarsson2001
Iceland_ML_44	64.644689	-14.541298	10850	450	-2	33	3.0	5.0	NorddahlEinarsson2001
Iceland_ML_43	64.642632	-14.501974	10850	450	-2	33	3.0	5.0	NorddahlEinarsson2001
Iceland_ML_42	64.819212	-13.893733	12300	600	-2	34	3.0	5.0	NorddahlEinarsson2001
Iceland_ML_31	64.710295	-14.30699	12300	600	-2	39	3.0	5.0	NorddahlEinarsson2001
Iceland_ML_30	64.725188	-14.324743	12300	600	-2	49	3.0	5.0	NorddahlEinarsson2001
Iceland_ML_29	64.730593	-14.329876	12300	600	-2	53	3.0	5.0	NorddahlEinarsson2001
Iceland_ML_18	64.63722	-14.498473	12300	600	-2	42	3.0	5.0	NorddahlEinarsson2001
Iceland_ML_28	64.717769	-14.40132	12300	600	-2	49	3.0	5.0	NorddahlEinarsson2001
Iceland_ML_35	64.781058	-14.162034	12300	600	-2	45	3.0	5.0	NorddahlEinarsson2001
Iceland_ML_26	64.682509	-14.385674	12300	600	-2	53	3.0	5.0	NorddahlEinarsson2001
Iceland_ML_25	64.680813	-14.376293	12300	600	-2	45	3.0	5.0	NorddahlEinarsson2001
Iceland_ML_21	64.659463	-14.308474	12300	600	-2	35	3.0	5.0	NorddahlEinarsson2001
Iceland_ML_22	64.669875	-14.339298	12300	600	-2	44	3.0	5.0	NorddahlEinarsson2001
Iceland_ML_23	64.671801	-14.350712	12300	600	-2	49	3.0	5.0	NorddahlEinarsson2001
Iceland_ML_41	64.812379	-14.071888	12300	600	-2	41	3.0	5.0	NorddahlEinarsson2001
Iceland_ML_40	64.808018	-14.081934	12300	600	-2	39	3.0	5.0	NorddahlEinarsson2001
Iceland_ML_39	64.805479	-14.096643	12300	600	-2	41	3.0	5.0	NorddahlEinarsson2001
Iceland_ML_38	64.803054	-14.112372	12300	600	-2	39	3.0	5.0	NorddahlEinarsson2001
Iceland_ML_37	64.807673	-14.123765	12300	600	-2	43	3.0	5.0	NorddahlEinarsson2001
Iceland_ML_36	64.81456	-14.136064	12300	600	-2	45	3.0	5.0	NorddahlEinarsson2001
Iceland_ML_27	64.713393	-14.403619	12300	600	-2	58	3.0	5.0	NorddahlEinarsson2001
Iceland_ML_24	64.672723	-14.374846	12300	600	-2	50	3.0	5.0	NorddahlEinarsson2001
Iceland_ML_50	64.737495	-14.42823	10850	450	-2	29	3.0	5.0	NorddahlEinarsson2001
Iceland_ML_52	64.768828	-14.472318	10850	450	-2	34	3.0	5.0	NorddahlEinarsson2001
Iceland_ML_34	64.779202	-14.122648	12300	600	-2	38	3.0	5.0	NorddahlEinarsson2001
Iceland_ML_32	64.703598	-14.287697	12300	600	-2	30	3.0	5.0	NorddahlEinarsson2001
Iceland_ML_66	64.796884	-14.070586	10850	450	-2	14	3.0	5.0	NorddahlEinarsson2001
Iceland_ML_65	64.812726	-14.1452	10850	450	-2	36	3.0	5.0	NorddahlEinarsson2001
Iceland_ML_64	64.797574	-14.091567	10850	450	-2	20	3.0	5.0	NorddahlEinarsson2001
Iceland_ML_63	64.79227	-14.134112	10850	450	-2	28	3.0	5.0	NorddahlEinarsson2001
Iceland_ML_51	64.755579	-14.486013	10850	450	-2	35	3.0	5.0	NorddahlEinarsson2001
Iceland_ML_61	64.766236	-14.067214	10850	450	-2	26	3.0	5.0	NorddahlEinarsson2001
Iceland_ML_60	64.728922	-14.337715	10850	450	-2	32	3.0	5.0	NorddahlEinarsson2001
Iceland_ML_59	64.735803	-14.342542	10850	450	-2	37	3.0	5.0	NorddahlEinarsson2001
Iceland_ML_62	64.790902	-14.152217	10850	450	-2	35	3.0	5.0	NorddahlEinarsson2001
Iceland_ML_57	64.775068	-14.424473	10850	450	-2	25	3.0	5.0	NorddahlEinarsson2001
Iceland_ML_56	64.786063	-14.430048	10850	450	-2	31	3.0	5.0	NorddahlEinarsson2001
Iceland_ML_55	64.790261	-14.442791	10850	450	-2	30	3.0	5.0	NorddahlEinarsson2001
Iceland_ML_54	64.797215	-14.493543	10850	450	-2	41	3.0	5.0	NorddahlEinarsson2001
Iceland_ML_53	64.773376	-14.468595	10850	450	-2	37	3.0	5.0	NorddahlEinarsson2001
Iceland_ML_58	64.763204	-14.393977	10850	450	-2	33	3.0	5.0	NorddahlEinarsson2001
