AAR-3042	56.6	11.81	11238	332	-1	-35.3	1.118033988749895	1.118033988749895	JensenEtal2002,RosentauEtal2021
AAR-3043	56.6	11.81	13416	285	-1	-39.5	1.118033988749895	1.118033988749895	JensenEtal2002,RosentauEtal2021
AAR-4533	56.52	11.58	11522	316	-1	-32.8	1.118033988749895	1.118033988749895	JensenEtal2002,RosentauEtal2021
AAR-4061	56.46	11.66	9974	258	-1	-29.4	1.118033988749895	1.118033988749895	BennikeEtal2000,RosentauEtal2021
AAR-4060	56.52	11.58	13013	149	-1	-35.2	1.118033988749895	1.118033988749895	JensenEtal2002,RosentauEtal2021
AAR-4062	56.46	11.67	9120	252	-1	-28.7	1.118033988749895	1.118033988749895	BennikeEtal2000,RosentauEtal2021
AAR-4063	56.46	11.67	9875	299	-1	-33.3	1.118033988749895	1.118033988749895	BennikeEtal2000,RosentauEtal2021
AAR-4064	56.58	11.43	11968	375	-1	-35.2	1.118033988749895	1.118033988749895	BendixenEtal2017,RosentauEtal2021
AAR-4531	56.39	11.61	8886	307	-1	-22.8	1.118033988749895	1.118033988749895	BennikeEtal2000,RosentauEtal2021
AAR-4532	56.39	11.61	9352	284	-1	-23.2	1.118033988749895	1.118033988749895	BennikeEtal2000,RosentauEtal2021
AAR-3041	56.39	11.61	10732	316	-1	-26.3	1.118033988749895	1.118033988749895	BennikeEtal2000,RosentauEtal2021
AAR-706	56.23	12.14	10378	553	-1	-27.0	1.118033988749895	1.118033988749895	ChristiansenEtal1993,RosentauEtal2021
AAR-4534	56.52	11.58	11645	354	-1	-34.1	1.118033988749895	1.118033988749895	JensenEtal2002,RosentauEtal2021
AAR-705	56.23	12.14	9962	413	-1	-25.3	1.118033988749895	1.118033988749895	ChristiansenEtal1993,RosentauEtal2021
AAR-704	56.23	12.14	9423	409	-1	-24.9	1.118033988749895	1.118033988749895	ChristiansenEtal1993,RosentauEtal2021
AAR-703	56.23	12.14	9517	427	-1	-24.7	1.118033988749895	1.118033988749895	ChristiansenEtal1993,RosentauEtal2021
AAR-4065	56.3	11.18	9271	259	-1	-28.3	1.118033988749895	1.118033988749895	BendixenEtal2017,RosentauEtal2021
AAR-702	56.23	12.14	9202	365	-1	-24.4	1.118033988749895	1.118033988749895	ChristiansenEtal1993,RosentauEtal2021
AAR-701	56.23	12.14	9187	480	-1	-24.3	1.118033988749895	1.118033988749895	ChristiansenEtal1993,RosentauEtal2021
AAR-4526	56.47	11.48	16272	416	-1	-32.7	1.118033988749895	1.118033988749895	JensenEtal2002,RosentauEtal2021
AAR-707	56.23	12.14	11103	543	-1	-28.7	1.118033988749895	1.118033988749895	ChristiansenEtal1993,RosentauEtal2021
AAR-5058	56.6	11.83	15007	408	-1	-38.9	1.118033988749895	1.118033988749895	JensenEtal2002,RosentauEtal2021
AAR-4537	56.46	11.49	10979	316	-1	-30.5	1.118033988749895	1.118033988749895	BendixenEtal2017,RosentauEtal2021
AAR-4536	56.46	11.49	10536	313	-1	-29.0	1.118033988749895	1.118033988749895	BendixenEtal2017,RosentauEtal2021
AAR-4535	56.46	11.66	11131	358	-1	-33.5	1.118033988749895	1.118033988749895	BennikeEtal2000,RosentauEtal2021
K-6959	56.52	11.58	9757	359	-1	-30.0	1.118033988749895	1.118033988749895	JensenEtal2002,RosentauEtal2021
