GrN-17891	53.2087	6.8891	2866	435	1.0	-2.13	0.4	0.39	vanDijk1991,deWitEtal2025
GrN-17934	53.2747	6.656	6008	334	1.0	-5.3	0.39	0.38	BerendsenEtal2007,vandePlasscheEtal2010,deWitEtal2025
GrN-17980	53.2178	6.5065	5517	441	1.0	-3.65	0.39	0.39	deWitEtal2025
GrN-17981	53.2177	6.5151	4630	479	1.0	-3.05	0.4	0.4	vandePlassche1982,deWitEtal2025
GrN-01091	53.1777	7.093	5811	383	0.0	-4.52	0.3	0.3	Gotje1993,deWitEtal2025
GrN-21613	53.3005	6.5082	7773	247	1.0	-12.06	0.25	0.25	BoschKok1994,deWitEtal2025
GrA-49582	53.3706	6.2867	7836	99	1.0	-13.19	0.23	0.23	deWitEtal2025
GrN-11969	53.3033	6.9749	4225	430	1.0	-2.67	0.4	0.4	BrinkkemperEtal2006,deWitEtal2025
GrN-01090	53.1777	7.093	3629	390	0.0	-2.7	0.32	0.32	Jelgersma1961,deWitEtal2025
GrA-30185	53.2446	6.1616	3748	129	1.0	-2.45	0.31	0.31	vandePlassche1982,deWitEtal2025
GrA-30182	53.2438	6.1599	2536	165	1.0	-2.37	0.31	0.31	Jelgersma1961,deWitEtal2025
GrN-01088	53.1777	7.093	4971	458	0.0	-3.77	0.32	0.32	Kiden1989a,deWitEtal2025
GrN-00637	53.319	6.941	6038	431	1.0	-5.49	0.3	0.3	MakaskeEtal2002,deWitEtal2025
Beta-431607	53.1878	6.49	3098	111	1.0	-2.31	0.31	0.31	Vos1992,Kiden1995,deWitEtal2025
Beta-424057	53.1833	6.4833	5448	118	1.0	-2.46	0.37	0.37	Aalbersberg2018,deWitEtal2025
Beta-424046	53.1868	6.4888	4636	171	1.0	-2.56	0.25	0.25	Aalbersberg2018,deWitEtal2025
Beta-424045	53.1868	6.4888	4632	169	1.0	-3.16	0.25	0.25	Aalbersberg2018,deWitEtal2025
GrN-21610	53.299	6.4689	7626	282	1.0	-10.28	0.28	0.28	KosterEtal2017,deWitEtal2025
GrN-01089	53.1777	7.093	3100	336	1.0	-1.72	0.32	0.32	vandePlassche1982,deWitEtal2025
GrA-49566	53.3706	6.2867	7514	72	1.0	-12.88	0.26	0.26	HijmaEtal2009,deWitEtal2025
GrA-49568	53.3706	6.2867	7499	67	0.0	-12.38	0.34	0.34	KidenVos2012,deWitEtal2025
GrN-23922	53.4457	6.7451	7853	269	0.0	-13.9	0.38	0.38	HijmaCohen2010,deWitEtal2025
KIA-43750	53.1244	6.6222	1068	108	0.0	-0.71	0.31	0.31	Aalbersberg2018,deWitEtal2025
KIA-43751	53.1244	6.6223	2229	93	0.0	-1.85	0.25	0.25	LohofEtal2011,deWitEtal2025
GrA-29868	53.2444	6.1603	4006	138	1.0	-2.09	0.31	0.31	LohofEtal2011,deWitEtal2025
GrA-29866	53.248	6.1922	2634	126	1.0	-1.44	0.38	0.38	BrinkkemperEtal2006,deWitEtal2025
GrA-29864	53.254	6.1559	1735	101	1.0	-0.66	0.38	0.38	DeJong1989,deWitEtal2025
GrA-29862	53.2444	6.1603	3029	146	1.0	-0.31	0.39	0.39	DeJong1989,deWitEtal2025
GrA-29799	53.254	6.1559	3882	137	1.0	-2.2	0.31	0.31	Kiden1989a,deWitEtal2025
GrA-29796	53.2453	6.1935	3217	129	1.0	-1.44	0.35	0.35	Jelgersma1961,deWitEtal2025
KIA-43752	53.1244	6.6223	4490	72	0.0	-3.32	0.26	0.25	vandePlassche1982,deWitEtal2025
GrA-30186	53.248	6.1922	4766	115	1.0	-3.07	0.26	0.26	Jelgersma1961,deWitEtal2025
GrA-49510	53.3498	6.7742	7444	128	1.0	-10.7	0.39	0.39	HijmaEtal2009,deWitEtal2025
GrA-30187	53.2428	6.1576	4751	115	1.0	-2.91	0.39	0.38	Jelgersma1961,deWitEtal2025
GrN-07641	53.3266	6.1607	6654	334	1.0	-6.97	0.39	0.36	vandePlassche1982,deWitEtal2025
GrA-49486	53.3001	6.492	7358	146	0.0	-11.79	0.42	0.42	deWitEtal2025
GrA-49487	53.3498	6.7742	6816	211	-1.0	-9.68	0.53	0.53	vanStraaten1954,deWitEtal2025
GrN-23931	53.4457	6.7168	8012	300	0.0	-15.74	0.38	0.38	HijmaCohen2010,deWitEtal2025
GrN-23928	53.3288	6.8412	7090	328	1.0	-8.21	0.36	0.36	Vos1992,deWitEtal2025
GrA-30191	53.251	6.1893	5387	85	1.0	-3.72	0.38	0.37	deWitEtal2025
GrA-30040	53.2453	6.1935	4302	125	1.0	-2.74	0.38	0.38	Kiden1989a,deWitEtal2025
