Lu-828	72.517	-23.967	5834	240	-1.0	8.0	1.6	1.6	Hakansson1974
Lu-827	72.517	-23.967	7537	213	-1.0	15.0	3.0	3.0	Hakansson1974
Lu-826	72.517	-23.967	9493	305	-1.0	45.0	9.0	9.0	Hakansson1974
Lu-793	72.883	-23.417	9370	282	-1.0	20.0	4.0	4.0	Hakansson1974
Lu-586	72.8	-22.917	6801	264	-1.0	3.0	2.0	2.0	Hakansson1973,Hjort1973,HjortFunder1974
Lu-829	72.7	-22.967	8675	289	-1.0	12.0	2.4000000000000004	2.4000000000000004	Hakansson1974,HjortFunder1974
Lu-830	72.817	-23.283	8693	285	-1.0	30.0	6.0	6.0	Hakansson1974,HjortFunder1974
Lu-768	72.817	-23.283	9676	313	-1.0	22.0	4.4	4.4	Hakansson1974
Lu-766	72.633	-22.683	8875	314	-1.0	10.0	2.0	2.0	Hakansson1974
Lu-712	72.5	-23.083	10889	322	-1.0	90.0	10.0	10.0	Hakansson1974,Hjort1979
Lu-710	72.933	-22.667	10696	370	-1.0	40.0	8.0	8.0	Hakansson1974
Lu-646	72.883	-23.417	10309	360	-1.0	57.0	10.0	10.0	Hakansson1973,Hjort1979
Lu-645	72.733	-23.0	10510	337	-1.0	55.0	10.0	10.0	Hakansson1973
Lu-585	72.8	-22.917	6495	239	-1.0	3.0	2.0	2.0	Hakansson1973,Hjort1973
Lu-714	72.7	-22.967	9733	321	-1.0	25.0	5.0	5.0	Hakansson1974
Lu-584	72.8	-22.917	5852	194	0.0	1.3	1.0	1.0	Hakansson1973,Hjort1973
Lu-533	72.9	-21.967	10420	322	-1.0	53.0	10.0	10.0	Hakansson1973,Hjort1979
Lu-529	72.517	-23.967	9983	335	-1.0	68.0	10.0	10.0	Hakansson1972,Hjort1979
Lu-489	72.517	-23.967	9190	272	-1.0	33.0	6.6000000000000005	6.6000000000000005	Hakansson1972
