UtC-05050	52.3214	5.3434	6398	92	1	-5.62	0.26	0.26	SpekEtal1997,deWitEtal2025
KIA-38642	52.5079	6.0438	3960	107	-1	-2.99	0.16	0.14	BrijkerZijverden2009,deWitEtal2025
KIA-38640	52.5059	6.0461	3217	118	0	-1.72	0.53	0.53	Jelgersma1961,deWitEtal2025
KIA-37982	52.549	5.5891	6856	105	0	-8.57	0.26	0.26	vandePlassche1982,deWitEtal2025
Poz-20196	52.4871	6.0309	2212	106	1	0.1	0.25	0.25	DeJong1984,deWitEtal2025
Poz-20197	52.4871	6.0309	1253	65	1	0.6	0.25	0.25	KooistraEtal2006,deWitEtal2025
KIA-38646	52.512	6.0294	2255	93	-1	-2.04	0.15	0.14	vanLil2008,deWitEtal2025
GrM-32823	52.6337	6.0679	4955	352	1	-3.43	0.2	0.19	vanderLinden2010,deWitEtal2025
GrM-30801	52.6518	5.5532	8057	103	1	-12.39	0.33	0.22	KidenVos2012,deWitEtal2025
Poz-20198	52.4871	6.0309	1074	105	1	0.83	0.26	0.26	LohofEtal2011,deWitEtal2025
GrM-30557	52.6528	5.5532	7235	64	0	-10.63	0.27	0.17	deWitEtal2025
GrM-30556	52.6574	5.6382	6609	98	1	-6.61	0.18	0.18	BerendsenEtal2007,deWitEtal2025
GrM-32824	52.633	6.0673	2825	289	1	-1.26	0.26	0.26	Jelgersma1961,deWitEtal2025
KIA-41246	52.5274	5.7775	6706	60	1	-4.09	0.19	0.19	Jelgersma1961,deWitEtal2025
KIA-41247	52.5273	5.7771	6567	73	1	-5.0	0.19	0.19	BerendsenStouthamer2001,deWitEtal2025
GrM-30382	52.6416	5.4857	7482	184	0	-11.22	0.16	0.16	deMoorEtal2009,deWitEtal2025
Ua-36473	52.5478	5.6573	7243	169	0	-8.42	0.3	0.25	vandePlassche1982,deWitEtal2025
x-00000c	52.4872	6.0395	2277	83	1	-0.23	0.34	0.34	vandePlassche1982,deWitEtal2025
GrN-27025	52.5414	6.0539	1924	366	1	-0.57	0.34	0.34	LohofEtal2011,deWitEtal2025
GrA-17303	52.2683	5.3792	4706	127	1	-2.46	0.19	0.19	Gotje1993,deWitEtal2025
GrA-17228	52.2651	5.3901	5613	110	1	-4.28	0.19	0.19	Kiden1989a,deWitEtal2025
UtC-14098	52.3869	5.1889	7469	120	1	-10.88	0.27	0.17	vanderLinden2011,deWitEtal2025
UtC-12787	52.3423	5.3059	6543	113	1	-6.51	0.23	0.19	Jelgersma1961,deWitEtal2025
GrN-25939	52.2856	5.4012	6155	143	1	-5.47	0.19	0.19	BerendsenEtal2007,deWitEtal2025
GrN-22257	52.2958	5.3813	6302	342	1	-5.33	0.23	0.2	vandePlasscheEtal2010,deWitEtal2025
GrN-22251	52.299	5.3432	6714	377	1	-6.54	0.3	0.27	vandePlasscheEtal2010,deWitEtal2025
x-00000b	52.4871	6.0393	3290	94	1	-0.27	0.34	0.34	HamburgKnippenberg2006,deWitEtal2025
KIA-43244	52.4123	5.2521	7691	74	1	-10.8	0.26	0.26	deWitEtal2025
KIA-41249	52.5295	5.761	6594	79	1	-5.76	0.19	0.19	MakaskeEtal2002,deWitEtal2025
KIA-41248	52.5294	5.761	6521	97	1	-5.83	0.19	0.19	SpekEtal1997,deWitEtal2025
UtC-09113	52.3677	5.2464	7261	83	1	-8.98	0.38	0.33	Jelgersma1961,deWitEtal2025
UtC-09109	52.3669	5.2473	7252	75	1	-9.33	0.26	0.18	MakaskeEtal2002,deWitEtal2025
UtC-09103	52.3247	5.3254	6820	129	0	-7.55	0.37	0.34	vandePlasscheEtal2010,deWitEtal2025
UtC-09101	52.3251	5.3249	6532	112	0	-6.71	0.37	0.34	vandePlasscheEtal2010,deWitEtal2025
UtC-05049	52.3214	5.3434	6398	87	1	-5.61	0.26	0.26	Jelgersma1961,deWitEtal2025
GrN-16367	52.6643	5.7751	4915	439	0	-3.9	0.21	0.2	vandePlassche1982,deWitEtal2025
GrN-16368	52.6643	5.7751	5753	383	0	-4.85	0.28	0.26	Gotje1993,deWitEtal2025
GrN-16369	52.6643	5.7751	5670	337	0	-4.58	0.28	0.26	vandePlasscheEtal2010,deWitEtal2025
GrN-16370	52.6643	5.7751	5592	368	0	-4.72	0.22	0.2	Jelgersma1961,deWitEtal2025
GrN-16371	52.6643	5.7751	5943	325	0	-5.66	0.23	0.2	vandePlassche1982,deWitEtal2025
GrN-16372	52.6643	5.7751	5766	384	0	-5.04	0.28	0.26	vandePlassche1982,deWitEtal2025
GrN-16373	52.6643	5.7751	4970	425	0	-4.09	0.21	0.2	vandePlassche1995a,deWitEtal2025
GrN-16381	52.6504	5.7781	3626	526	1	-2.05	0.27	0.26	vanDijk1991,deWitEtal2025
GrN-16382	52.6504	5.7781	4174	601	1	-2.84	0.27	0.26	BerendsenEtal2007,vandePlasscheEtal2010,deWitEtal2025
Ua-44510	52.3554	5.1357	7601	75	1	-8.46	0.28	0.28	MeijlesEtal2018,deWitEtal2025
UtC-09090	52.3129	5.2984	5691	581	1	-4.35	0.27	0.26	vandePlassche1982,deWitEtal2025
UtC-05700	52.3259	5.3227	6983	169	1	-6.91	0.24	0.2	vandePlassche1982,deWitEtal2025
UtC-05699	52.3259	5.3227	6639	115	1	-6.72	0.24	0.19	Kooistra2012,deWitEtal2025
UtC-05056	52.3213	5.3433	6329	96	1	-5.49	0.26	0.26	OsingaHekman2011,deWitEtal2025
UtC-05055	52.3213	5.3433	6321	118	1	-5.5	0.26	0.26	SpekEtal1997,deWitEtal2025
GrN-16366	52.6643	5.7751	5472	416	1	-4.39	0.21	0.2	vanAsselenEtal2017,deWitEtal2025
UtC-09102	52.3248	5.3252	6669	118	0	-7.07	0.37	0.34	vandePlasscheEtal2010,deWitEtal2025
DRT-00050	52.5499	5.6275	6750	10	1	-6.72	0.19	0.19	vandePlassche1982,deWitEtal2025
UtC-09091	52.3205	5.2861	6216	82	1	-4.89	0.28	0.26	Cohen2005,deWitEtal2025
GrN-15126	52.6489	5.7721	3319	1281	1	-2.11	0.26	0.26	Gotje1993,deWitEtal2025
GrN-15127	52.6489	5.7721	3945	1101	1	-2.91	0.27	0.26	BerendsenEtal2007,deWitEtal2025
GrN-15128	52.6489	5.7721	4940	458	1	-3.58	0.35	0.34	vanDinterEtal2017,deWitEtal2025
GrN-15129	52.6489	5.7721	5044	469	1	-3.92	0.35	0.34	OsingaHekman2011,deWitEtal2025
Poz-25153	52.5499	5.6275	4700	139	-1	-4.08	0.14	0.13	Jelgersma1961,deWitEtal2025
GrN-15130	52.6489	5.7721	5402	453	0	-4.36	0.28	0.26	Jelgersma1961,deWitEtal2025
Poz-25157	52.5502	5.6279	6984	167	0	-7.87	0.35	0.34	BrijkerZijverden2009,deWitEtal2025
GrN-15131	52.6489	5.7721	6072	328	1	-5.06	0.28	0.26	Gotje1997,deWitEtal2025
GrN-15132	52.6489	5.7721	6162	339	0	-5.62	0.29	0.26	Jelgersma1961,deWitEtal2025
GrN-15133	52.6489	5.7721	6815	395	1	-6.23	0.29	0.26	vanSmeerdijk2003,deWitEtal2025
UtC-09100	52.3251	5.3249	6307	92	0	-5.88	0.36	0.34	BerendsenEtal2007,vandePlasscheEtal2010,deWitEtal2025
UtC-09098	52.3257	5.3241	6309	84	1	-5.68	0.22	0.19	vandePlassche1982,deWitEtal2025
Ua-36471	52.55	5.6408	7096	150	0	-8.21	0.25	0.18	DuBurck1960,DuBurck1972,EnteEtal1975,deWitEtal2025
UtC-09097	52.3189	5.2849	6802	125	1	-6.05	0.36	0.34	BerendsenEtal2007,deWitEtal2025
UtC-09096	52.3199	5.2857	6597	128	1	-5.44	0.36	0.34	vandePlassche1982,deWitEtal2025
Ua-44506	52.3556	5.1359	7506	67	1	-7.55	0.27	0.27	CohenStouthamer2012,deWitEtal2025
Ua-36470	52.5505	5.6356	7176	124	1	-7.5	0.23	0.18	vandePlassche1982,deWitEtal2025
GrM-30558	52.4447	5.3133	7661	61	1	-8.09	0.3	0.25	vandePlassche1982,deWitEtal2025
SUERC-36822	52.5505	5.6274	7041	123	0	-8.3	0.17	0.17	deMoorEtal2009,deWitEtal2025
GrA-34959	52.5317	5.8869	3074	108	0	-1.04	0.22	0.22	LohofEtal2011,deWitEtal2025
GrA-34961	52.5317	5.8869	724	46	0	-0.86	0.22	0.22	vandePlassche1982,deWitEtal2025
GrA-34963	52.5317	5.8869	4250	147	1	-1.27	0.19	0.19	vandePlassche1982,deWitEtal2025
SUERC-36820	52.5498	5.6283	6977	172	1	-7.01	0.19	0.19	Vos1992,deWitEtal2025
GrA-35488	52.5348	5.8844	2528	159	1	-0.15	0.21	0.21	vanDijk1991,deWitEtal2025
Ua-36466	52.549	5.5891	7280	122	0	-9.69	0.38	0.33	deMoorEtal2009,deWitEtal2025
GrA-39303	52.4901	6.0247	2252	88	1	0.32	0.2	0.2	vandePlassche1982,deWitEtal2025
SUERC-38083	52.5502	5.6283	6817	112	1	-7.0	0.19	0.19	vandePlasscheEtal2010,deWitEtal2025
Poz-85535	52.5645	5.9124	7032	131	1	-6.39	0.19	0.19	vandePlassche1982,deWitEtal2025
SUERC-38081	52.5505	5.628	7005	154	1	-7.83	0.19	0.19	vandePlassche1982,deWitEtal2025
Ua-36465	52.5445	5.488	7450	106	0	-11.13	0.39	0.33	KosterEtal2017,deWitEtal2025
GrA-42516	52.4127	6.1402	2244	99	1	-1.04	0.32	0.31	vanDijk1991,deWitEtal2025
GrN-05067	52.5849	5.6398	6403	358	1	-6.1	0.23	0.22	Bakker1992,deWitEtal2025
