Beta-404170	36.2541	33.8083	5531	209	-1.0	0.825	0.125	0.125	LiberatoreEtal2022
Beta-429100	36.1453	33.3578	4614	229	-1.0	0.85	0.05	0.05	LiberatoreEtal2022
Beta-429108	36.4493	34.1274	2571	214	-1.0	0.7	0.1	0.1	LiberatoreEtal2022
Beta-429109	36.4493	34.1274	2778	235	-1.0	1.9	0.1	0.1	LiberatoreEtal2022
Liberatore_ES10_1	36.64	31.74	1875	235	0.0	0.5	0.2	0.2	CinerEtal2009,DesruellesEtal2009,LiberatoreEtal2022
Liberatore_ES17_1	36.4823	34.1764	1515	150	0.0	1.7	0.5	0.5	MelisEtal2015,LiberatoreEtal2022
LTL14560A	36.4834	34.1782	900	200	0.0	1.2	0.2	0.2	LiberatoreEtal2022
Beta-42911_0-3	36.1532	33.4931	873	83	0.0	1.43	0.3	0.3	LiberatoreEtal2022
Beta-404169	36.2539	33.808	2132	223	-1.0	0.35	0.05	0.05	LiberatoreEtal2022
Beta-448492	36.1424	33.3581	1459	200	-1.0	1.0	0.1	0.1	LiberatoreEtal2022
