K-2385	71.717	-24.717	9727	394	-1.0	51.0	10.0	10.0	Street1977,Hjort1979
K-1915	71.35	-24.833	11393	492	-1.0	100.0	10.0	10.0	Funder1972,Funder1978,Hjort1979
K-1915	71.35	-24.833	11399	424	-1.0	89.5	1.5	1.5	Funder1978,FunderHansen1996
K-2386	71.717	-24.717	9604	422	-1.0	85.0	10.0	10.0	Street1977
K-1915	71.35	-24.833	11399	424	-1.0	97.0	10.0	10.0	Weidick1972a
OS-65399	71.51	-24.5	10623	299	-1.0	59.0	5.0	5.0	HallEtal2010
OS-55609	71.671	-24.467	9753	259	-1.0	60.0	5.0	5.0	HallEtal2008,HallEtal2010
OS-55611	71.695	-24.369	10212	278	-1.0	59.0	5.0	5.0	HallEtal2008,HallEtal2010
OS-55612	71.66	-24.358	9766	261	0.0	81.0	5.0	5.0	HallEtal2008,HallEtal2010
OS-55613	71.655	-24.348	9858	274	0.0	61.0	5.0	5.0	HallEtal2008,HallEtal2010
OS-55614	71.574	-24.324	9448	213	-1.0	43.0	5.0	5.0	HallEtal2008,HallEtal2010
OS-55724	71.652	-24.466	10131	286	-1.0	72.0	5.0	5.0	HallEtal2008,HallEtal2010
OS-55725	71.647	-24.458	9879	270	-1.0	74.0	5.0	5.0	HallEtal2008,HallEtal2010
OS-55728	71.688	-24.368	10124	251	-1.0	66.0	5.0	5.0	HallEtal2008,HallEtal2010
OS-55729	71.663	-24.361	10452	231	-1.0	70.0	5.0	5.0	HallEtal2008,HallEtal2010
OS-55730	71.66	-24.358	9578	262	-1.0	50.0	5.0	5.0	HallEtal2008,HallEtal2010
OS-55731	71.619	-24.331	9812	268	0.0	52.0	5.0	5.0	HallEtal2008,HallEtal2010
OS-55732	71.597	-24.319	10455	231	0.0	67.0	5.0	5.0	HallEtal2008,HallEtal2010
OS-55733	71.593	-24.332	8373	194	-1.0	32.0	5.0	5.0	HallEtal2010
OS-55734	71.522	-24.342	8887	257	-1.0	29.0	5.0	5.0	HallEtal2010
OS-55735	71.574	-24.324	9696	237	0.0	72.0	5.0	5.0	HallEtal2008,HallEtal2010
OS-55736	71.567	-24.325	10264	241	-1.0	66.0	5.0	5.0	HallEtal2008,HallEtal2010
OS-55737	71.56	-24.326	9657	245	-1.0	58.0	5.0	5.0	HallEtal2008,HallEtal2010
OS-58249	71.483	-24.496	10071	247	0.0	69.0	5.0	5.0	HallEtal2010
OS-58250	71.478	-24.509	10565	277	-1.0	83.0	5.0	5.0	HallEtal2010
OS-58327	71.455	-24.495	9145	229	0.0	40.0	5.0	5.0	HallEtal2010
OS-58509	71.556	-24.47	10582	278	-1.0	84.0	5.0	5.0	HallEtal2010
OS-58607	71.455	-24.502	10089	250	-1.0	78.0	5.0	5.0	HallEtal2010
OS-58609	71.554	-24.474	10422	236	-1.0	71.0	5.0	5.0	HallEtal2010
OS-58674	71.51	-24.5	9975	247	0.0	75.0	5.0	5.0	HallEtal2010
OS-58704	71.456	-24.494	8646	239	-1.0	52.0	5.0	5.0	HallEtal2010
OS-58705	71.459	-24.497	9864	274	-1.0	64.0	5.0	5.0	HallEtal2010
OS-51760	71.297	-24.531	9812	268	-1.0	27.0	5.0	5.0	HallEtal2010
OS-58735	71.455	-24.501	10253	239	-1.0	78.0	5.0	5.0	HallEtal2010
OS-51765	71.518	-24.334	10681	315	0.0	78.0	5.0	5.0	HallEtal2010
OS-51766	71.526	-24.343	9614	242	0.0	58.0	5.0	5.0	HallEtal2010
OS-51770	71.282	-24.54	10172	273	-1.0	32.0	5.0	5.0	HallEtal2010
OS-51774	71.505	-24.342	10135	271	0.0	67.0	5.0	5.0	HallEtal2010
OS-51775	71.297	-24.531	8946	278	0.0	37.0	5.0	5.0	HallEtal2010
OS-51776	71.297	-24.531	8875	259	-1.0	10.0	5.0	5.0	HallEtal2010
OS-51845	71.505	-24.342	10013	247	0.0	67.0	5.0	5.0	HallEtal2010
OS-51846	71.501	-24.348	9287	208	0.0	58.0	5.0	5.0	HallEtal2010
OS-51847	71.297	-24.531	8919	288	-1.0	12.0	5.0	5.0	HallEtal2010
OS-51874	71.446	-24.384	10818	267	0.0	73.0	5.0	5.0	HallEtal2010
OS-51875	71.284	-24.553	7606	173	-1.0	3.0	5.0	5.0	HallEtal2010
OS-51882	71.668	-24.365	9937	264	0.0	73.0	5.0	5.0	HallEtal2008,HallEtal2010
OS-51883	71.452	-24.397	9560	220	-1.0	13.0	5.0	5.0	HallEtal2010
OS-51884	71.448	-24.394	10199	244	-1.0	35.0	5.0	5.0	HallEtal2010
OS-51885	71.316	-24.653	8670	244	-1.0	8.0	5.0	5.0	HallEtal2010
OS-52112	71.446	-24.384	10488	259	0.0	73.0	5.0	5.0	HallEtal2010
OS-52956	71.593	-24.327	10310	246	0.0	61.0	5.0	5.0	HallEtal2008,HallEtal2010
OS-52957	71.524	-24.336	9783	262	-1.0	70.0	5.0	5.0	HallEtal2010
OS-52962	71.522	-24.342	9646	237	-1.0	32.0	5.0	5.0	HallEtal2010
OS-52963	71.567	-24.325	10410	223	0.0	75.0	5.0	5.0	HallEtal2008,HallEtal2010
OS-52964	71.557	-24.326	10868	263	0.0	89.0	5.0	5.0	HallEtal2008,HallEtal2010
OS-52966	71.542	-24.329	10139	265	-1.0	73.0	5.0	5.0	HallEtal2010
OS-52967	71.518	-24.334	10391	247	0.0	72.0	5.0	5.0	HallEtal2010
OS-52968	71.448	-24.394	9179	217	-1.0	32.0	5.0	5.0	HallEtal2010
OS-52969	71.297	-24.531	7129	208	-1.0	10.0	5.0	5.0	HallEtal2010
OS-51767	71.297	-24.531	9295	224	-1.0	12.0	5.0	5.0	HallEtal2010
OS-52970	71.448	-24.394	10345	218	0.0	74.0	5.0	5.0	HallEtal2010
OS-55610	71.652	-24.466	9949	258	-1.0	76.0	5.0	5.0	HallEtal2008,HallEtal2010
OS-51769	71.287	-24.54	8343	202	0.0	33.0	5.0	5.0	HallEtal2010
OS-62849	71.51	-24.5	9936	261	0.0	75.0	5.0	5.0	HallEtal2010
OS-62851	71.557	-24.469	9936	261	-1.0	76.0	5.0	5.0	HallEtal2010
OS-64765	71.685	-24.364	9694	230	0.0	61.0	5.0	5.0	HallEtal2010
OS-64766	71.66	-24.358	10169	246	-1.0	69.0	5.0	5.0	HallEtal2010
OS-64843	71.685	-24.364	9721	236	-1.0	58.0	5.0	5.0	HallEtal2010
OS-64844	71.448	-24.488	8091	196	-1.0	27.0	5.0	5.0	HallEtal2010
OS-64844	71.316	-24.653	8091	196	-1.0	3.0	5.0	5.0	HallEtal2010
OS-64845	71.685	-24.364	9644	219	0.0	66.0	5.0	5.0	HallEtal2010
OS-64849	71.63	-24.462	9934	249	-1.0	48.0	5.0	5.0	HallEtal2010
OS-65398	71.556	-24.46	10977	251	-1.0	60.0	5.0	5.0	HallEtal2010
OS-62850	71.455	-24.495	9462	213	0.0	57.0	5.0	5.0	HallEtal2010
OS-65405	71.557	-24.475	15569	300	-1.0	76.0	5.0	5.0	HallEtal2010
OS-65406	71.562	-24.472	9974	243	-1.0	81.0	5.0	5.0	HallEtal2010
OS-65435	71.503	-24.509	11230	275	-1.0	49.0	5.0	5.0	HallEtal2010
OS-65436	71.49	-24.507	9840	273	-1.0	84.0	5.0	5.0	HallEtal2010
OS-65437	71.455	-24.495	8919	288	-1.0	34.0	5.0	5.0	HallEtal2010
OS-65438	71.574	-24.456	8725	268	-1.0	47.0	5.0	5.0	HallEtal2010
OS-64764	71.453	-24.494	8872	240	0.0	49.0	5.0	5.0	HallEtal2010
OS-64762	71.45	-24.492	8428	206	-1.0	34.0	5.0	5.0	HallEtal2010
OS-65401	71.51	-24.5	10198	261	-1.0	70.0	5.0	5.0	HallEtal2010
OS-51759	71.501	-24.348	9317	204	-1.0	34.0	5.0	5.0	HallEtal2010
OS-64760	71.685	-24.364	9694	230	-1.0	70.0	5.0	5.0	HallEtal2010
OS-51716	71.458	-24.392	10066	265	-1.0	35.0	5.0	5.0	HallEtal2010
OS-51568	71.629	-24.329	10423	232	0.0	63.0	5.0	5.0	HallEtal2008,HallEtal2010
OS-62855	71.51	-24.5	9999	249	0.0	75.0	5.0	5.0	HallEtal2010
OS-62985	71.454	-24.506	10121	269	0.0	73.0	5.0	5.0	HallEtal2010
OS-62986	71.557	-24.475	14364	361	-1.0	76.0	5.0	5.0	HallEtal2010
OS-62852	71.549	-24.492	11235	305	0.0	101.0	5.0	5.0	HallEtal2008,HallEtal2010
OS-62994	71.51	-24.5	11639	310	-1.0	70.0	5.0	5.0	HallEtal2010
OS-64754	71.547	-24.331	9798	259	0.0	62.0	5.0	5.0	HallEtal2010
OS-64755	71.668	-24.365	9818	271	-1.0	62.0	5.0	5.0	HallEtal2010
OS-64756	71.69	-24.367	9680	231	-1.0	65.0	5.0	5.0	HallEtal2010
OS-64759	71.454	-24.506	9463	211	-1.0	59.0	5.0	5.0	HallEtal2010
OS-62992	71.5	-24.503	9975	247	0.0	81.0	5.0	5.0	HallEtal2010
