AAR-995	70.917	-24.217	9979	365	-1.0	40.0	1.0	1.0	IngolfssonEtal1994,FunderHansen1996
AAR-1829	70.959	-24.114	11139	388	-1.0	59.0	1.0	1.0	FunderHansen1996
K-1916	70.867	-22.45	11223	472	1.0	45.0	9.0	9.0	Weidick1972a
K-1916	70.867	-22.45	11223	472	1.0	48.0	9.6	9.6	Funder1972
K-1741	70.767	-24.117	9816	419	1.0	53.0	10.0	10.0	Funder1971
K-1919	70.867	-22.483	10126	463	-1.0	33.0	6.6000000000000005	6.6000000000000005	Weidick1973
Lu-3283	70.936	-24.206	9217	289	-1.0	27.0	1.0	1.0	IngolfssonEtal1994,FunderHansen1996
Lu-3282	70.914	-24.207	10125	389	-1.0	19.0	1.0	1.0	IngolfssonEtal1994,FunderHansen1996
AAR-2107	70.959	-24.114	10722	365	1.0	59.0	1.0	1.0	FunderHansen1996
Lu-3284	71.067	-24.05	8203	267	-1.0	4.0	1.0	1.0	IngolfssonEtal1994,FunderHansen1996
K-1919	70.867	-22.483	10120	418	-1.0	33.0	6.6	6.6	Funder1972,Funder1978,Hjort1979
Lu-3400	70.733	-24.1	10642	396	-1.0	33.0	1.0	1.0	IngolfssonEtal1994,FunderHansen1996
K-3109	70.5	-23.45	11793	527	-1.0	40.0	1.0	1.0	Funder1990,FunderHansen1996
AAR-644	70.914	-24.207	10517	553	-1.0	17.5	1.0	1.0	IngolfssonEtal1994,FunderHansen1996
AAR-643	70.913	-24.216	9242	370	-1.0	30.0	1.0	1.0	IngolfssonEtal1994,FunderHansen1996
K-2096	70.65	-23.933	10119	437	-1.0	25.0	5.0	5.0	Weidick1974,Funder1973
Lu-3275	70.736	-24.051	8280	216	1.0	54.0	10.0	10.0	BjorckEtal1994
