I-6430	67.017	-51.233	8596	375	-1.0	43.0	8.6	8.6	Weidick1973
K-1715	67.057	-50.567	6321	320	0.0	12.5	2.5	2.5	Weidick1972,TenBrinkWeidick1974,vanTatenhoveEtal1996
Curl-10995	67.008	-50.763	6753	209	-1.0	25.0	5.0	5.0	StormsEtal2012
Curl-11000	66.978	-50.919	7960	187	-1.0	46.0	5.0	5.0	StormsEtal2012
Curl-10988	66.999	-50.681	6542	200	-1.0	26.0	5.0	5.0	StormsEtal2012
Curl-10986	66.999	-50.681	6787	211	-1.0	13.0	5.0	5.0	StormsEtal2012
UW-173	66.867	-50.633	2828	396	1.0	35.0	3.0	3.0	Weidick1972a
UtC-3522	67.007	-50.687	7835	224	-1.0	21.0	2.0	2.0	vanTatenhoveEtal1996
I-5424	66.833	-50.933	4419	406	1.0	57.0	2.0	2.0	Weidick1972a
Curl-10994	67.003	-50.766	6574	203	-1.0	12.0	5.0	5.0	StormsEtal2012
I-5505	66.733	-51.467	6575	321	-1.0	9.0	1.8	1.8	Weidick1972a
I-5506	66.737	-51.477	6575	321	0.0	11.0	1.0	1.0	TenBrinkWeidick1974,TenBrink1975,vanTatenhoveEtal1996,,Weidick1972a
I-5507	66.717	-51.433	2806	393	1.0	12.0	1.0	1.0	Weidick1972a
I-5508	66.717	-51.4	8011	313	-1.0	14.0	1.0	1.0	Weidick1972a
I-5509	66.7	-51.4	3885	291	1.0	25.0	2.0	2.0	Weidick1972a
I-5510	66.717	-51.437	6311	327	0.0	5.0	1.0	1.0	TenBrinkWeidick1974,TenBrink1975,vanTatenhoveEtal1996,Weidick1972a
I-5511	66.983	-50.7	6783	342	-1.0	24.0	2.0	2.0	Weidick1972a
I-5504	66.833	-50.717	6892	336	-1.0	34.0	4.0	4.0	Weidick1972a
I-5587	66.837	-50.107	4875	372	0.0	4.0	1.0	1.0	TenBrinkWeidick1974,TenBrink1975,vanTatenhoveEtal1996,Weidick1972a
K-1664	67.027	-50.727	7899	323	0.0	47.5	2.5	2.5	Weidick1972,TenBrinkWeidick1974,vanTatenhoveEtal1996
K-1663	67.027	-51.407	9108	411	0.0	100.0	10.0	10.0	Weidick1972,TenBrinkWeidick1974,vanTatenhoveEtal1996
KLR1	67.008	-50.682	3330	600	-1.0	16.13	0.13	0.13	BiermanEtal2018
KLR2	67.008	-50.682	5560	320	-1.0	21.51	0.34	0.34	BiermanEtal2018
KLR3	67.008	-50.683	5930	300	-1.0	27.93	0.26	0.26	BiermanEtal2018
KLR4	67.008	-50.685	6570	340	-1.0	34.78	0.29	0.29	BiermanEtal2018
I-5512	67.007	-50.697	7786	297	0.0	47.0	7.0	7.0	TenBrinkWeidick1974,TenBrink1975,vanTatenhoveEtal1996,Weidick1972a
Curl-10990	67.004	-50.766	8073	190	-1.0	12.0	5.0	5.0	StormsEtal2012
I-5588	66.833	-51.083	6773	346	-1.0	0.0	1.0	1.0	Weidick1972a
I-5589	67.037	-50.627	7254	304	0.0	40.0	5.0	5.0	TenBrinkWeidick1974,TenBrink1975,vanTatenhoveEtal1996,Weidick1972a
I-6433	66.983	-51.167	6641	329	0.0	22.8	5.0	5.0	Weidick1973
I-6434	66.983	-51.167	7644	287	0.0	47.7	10.0	10.0	Weidick1973
KLR7	67.005	-50.693	4720	200	-1.0	15.04	0.24	0.24	BiermanEtal2018
KLR5	67.006	-50.686	4990	320	-1.0	18.59	0.18	0.18	BiermanEtal2018
KLR6	67.005	-50.689	4890	360	-1.0	16.39	0.13	0.13	BiermanEtal2018
