AA-45931	-62.637	-61.0559	372	255	0.0	6.0	0.5	0.5	HallPerry2004,LecavalierEtal2023
AA-45932	-62.637	-61.0559	318	256	0.0	5.0	0.5	0.5	HallPerry2004,LecavalierEtal2023
AA-45933	-62.637	-61.0559	392	249	0.0	4.0	0.5	0.5	HallPerry2004,LecavalierEtal2023
AA-45934	-62.637	-61.0559	1848	329	0.0	9.0	0.5	0.5	HallPerry2004,LecavalierEtal2023
AA-45936	-62.637	-61.0559	264	237	0.0	4.0	0.5	0.5	HallPerry2004,LecavalierEtal2023
SRR-1087	-62.637	-61.0559	1856	324	0.0	10.1	0.5	0.5	Hansom1979,LecavalierEtal2023
SRR-1086	-62.637	-61.0559	1516	286	0.0	10.3	0.5	0.5	Hansom1979,LecavalierEtal2023
AA-46816	-62.637	-61.0559	281	242	0.0	6.0	0.5	0.5	HallPerry2004,LecavalierEtal2023
I-7870	-62.637	-61.0559	1191	324	0.0	7.6	0.5	0.5	Curl1980,LecavalierEtal2023
AA-55741	-62.637	-61.0559	1847	326	0.0	12.0	0.5	0.5	Hall2010,LecavalierEtal2023
AA-55740	-62.637	-61.0559	1804	323	0.0	12.0	0.5	0.5	Hall2010,LecavalierEtal2023
Birm-14	-62.637	-61.0559	679	90	0.0	6.5	0.5	0.5	SugdenJohn1973,LecavalierEtal2023
