KGMIWd180372	35.273	129.004	9973	202	0.0	-27.6	0.1	0.1	YoonEtal2025,KimEtal2021
KGM-IWd200550	35.199	128.923	3772	112	0.0	-5.8	0.4	0.4	YoonEtal2025
KGM-IWd200563	35.202	128.959	4388	131	0.0	-4.1	0.4	0.4	YoonEtal2025
KGM-IWd200564	35.202	128.959	4948	93	0.0	-4.8	0.4	0.4	YoonEtal2025
KGM-IWd200565	35.202	128.959	6079	126	0.0	-7.1	0.4	0.4	YoonEtal2025
NZA_21,671	35.15	128.867	7061	185	0.0	-11.0	0.4	0.4	YoonEtal2025,RyuEtal2005
NZA_21,670	35.15	128.867	6718	199	0.0	-7.7	0.4	0.4	YoonEtal2025,RyuEtal2005
NZA_21,669	35.15	128.867	4285	201	0.0	-2.9	0.4	0.4	YoonEtal2025,RyuEtal2005
NZA_20,416	35.15	128.867	8640	219	0.0	-15.1	0.4	0.4	YoonEtal2025,RyuEtal2005
KGM-IWd200594	35.189	128.829	5680	72	0.0	-6.1	0.4	0.4	YoonEtal2025
KGM-IWd200595	35.189	128.829	6058	117	0.0	-7.5	0.4	0.4	YoonEtal2025
KGM-IWd200596	35.189	128.829	6231	70	0.0	-8.2	0.4	0.4	YoonEtal2025
KGM-IWd200549	35.199	128.923	1243	53	0.0	-1.7	0.4	0.4	YoonEtal2025
KGM-IWd200597	35.189	128.829	6792	99	0.0	-9.6	0.4	0.4	YoonEtal2025
KGM-IWd200599	35.189	128.829	7757	81	0.0	-12.5	0.4	0.4	YoonEtal2025
KGMICa180098	35.148	128.917	10609	265	0.0	-37.3	0.4	0.4	YoonEtal2025,KimEtal2021
KGMIWd180367	35.273	129.004	9285	148	0.0	-24.3	0.4	0.4	YoonEtal2025,KimEtal2021
KGMIWd180368	35.273	129.004	9439	99	0.0	-25.3	0.4	0.4	YoonEtal2025,KimEtal2021
KGMIWd180369	35.273	129.004	9808	237	0.0	-26.7	0.1	0.1	YoonEtal2025,KimEtal2021
KGMIWd180370	35.273	129.004	9864	249	0.0	-26.8	0.1	0.1	YoonEtal2025,KimEtal2021
KGMIWd180373	35.273	129.004	9746	172	0.0	-27.7	0.1	0.1	YoonEtal2025,KimEtal2021
KGMIWd180374	35.273	129.004	9856	253	0.0	-28.0	0.1	0.1	YoonEtal2025,KimEtal2021
KGMIWd180375	35.273	129.004	10116	132	0.0	-28.2	0.1	0.1	YoonEtal2025,KimEtal2021
KGMIWd180668	35.148	128.917	9856	253	0.0	-34.3	0.4	0.4	YoonEtal2025,KimEtal2021
Yoon_RC_03	35.205	128.876	8180	60	0.0	-13.3	0.4	0.4	YoonEtal2025,HongEtal2024
KGM-IWd200598	35.189	128.829	7421	84	0.0	-11.9	0.4	0.4	YoonEtal2025
KGM-IWd200543	35.195	128.878	4947	90	0.0	-3.1	0.1	0.1	YoonEtal2025
KGM-IWd200556	35.199	128.923	9418	110	0.0	-25.5	0.4	0.4	YoonEtal2025
KGM-IWd200541	35.195	128.878	1471	67	0.0	-3.4	0.4	0.4	YoonEtal2025
Yoon_RC_02	35.205	128.876	7450	60	0.0	-10.7	0.1	0.1	YoonEtal2025,HongEtal2024
Yoon_RC_01	35.205	128.876	6890	60	0.0	-9.5	0.1	0.1	YoonEtal2025,HongEtal2024
Yoon_08	35.105	128.928	10500	1400	0.0	-40.7	0.1	0.1	YoonEtal2025
Yoon_07	35.056	128.93	10700	1400	0.0	-45.7	0.4	0.4	YoonEtal2025,KimEtal2021
Yoon_06	35.101	128.904	10400	1400	0.0	-45.3	0.1	0.1	YoonEtal2025,KimEtal2021
Yoon_05	35.101	128.904	10200	1200	0.0	-40.8	0.4	0.4	YoonEtal2025,KimEtal2021
Yoon_04	35.205	128.876	7000	800	0.0	-11.4	0.1	0.1	YoonEtal2025,HongEtal2024
Yoon_03	35.205	128.876	5800	800	0.0	-8.6	0.1	0.1	YoonEtal2025,HongEtal2024
Yoon_02	35.205	128.876	5200	600	0.0	-5.4	0.1	0.1	YoonEtal2025,HongEtal2024
KGM-IWd200542	35.195	128.878	2839	73	0.0	-4.2	0.4	0.4	YoonEtal2025
Beta-468,297	35.068	128.897	10133	199	0.0	-34.5	0.4	0.4	YoonEtal2025,JeongEtal2022
ESCh170427	35.189	128.923	10963	198	0.0	-41.8	0.4	0.4	YoonEtal2025,KimEtal2021
Yoon_01	35.189	128.923	10900	1400	0.0	-39.0	0.4	0.4	YoonEtal2025,KimEtal2021
ESCh170444	35.189	128.923	10916	226	0.0	-39.1	0.1	0.1	YoonEtal2025,KimEtal2021
KGM-ITg140027	35.056	128.93	12187	288	0.0	-55.2	0.1	0.1	YoonEtal2025,KimEtal2021
KGM-ITg140026	35.056	128.93	12293	294	0.0	-54.5	0.1	0.1	YoonEtal2025,KimEtal2021
ESCh170432	35.189	128.923	10092	159	0.0	-36.7	0.1	0.1	YoonEtal2025,KimEtal2021
KGM-ICa120154	35.101	128.904	10994	189	0.0	-45.4	0.1	0.1	YoonEtal2025,KimEtal2021
KGM-ICa120153	35.101	128.904	10424	150	0.0	-39.4	0.4	0.4	YoonEtal2025,KimEtal2021
KGM-ITg140025	35.056	128.93	10839	232	0.0	-45.5	0.4	0.4	YoonEtal2025,KimEtal2021
