S-ANU-67732	81.58343	-61.2104	8746	253	0.0	87.26	3.93	4.84	GluederEtal2022
S-2302	81.65	-59.967	9950	397	-1.0	105.0	2.0	2.0	England1985
S-ANU-67725	81.56283	-61.4357	6506	209	0.0	31.1	4.09	4.89	GluederEtal2022
S-ANU-67937	81.7992	-59.506	3640	230	0.0	-18.63	12.61	14.44	GluederEtal2022
SI-5854	81.8	-59.15	9398	301	-1.0	82.0	2.0	2.0	England1985
SI-5855	81.583	-60.917	9042	350	-1.0	20.0	2.0	2.0	England1985
S-2306	81.6	-60.85	8443	403	-1.0	77.0	2.0	2.0	England1985
SI-5856	82.017	-58.917	8990	346	-1.0	80.0	2.0	2.0	England1985
S-ANU-67721	81.56639	-61.4173	5200	249	0.0	30.81	7.68	7.29	GluederEtal2022
S-ANU-67731	81.58343	-61.2104	8887	264	0.0	86.2	5.34	6.22	GluederEtal2022
HAR-6291	81.7	-58.838	9549	354	-1.0	104.0	5.0	5.0	KellyBennike1985,KellyBennike1992
HAR-6293	81.58	-61.122	8763	532	-1.0	82.0	5.0	5.0	KellyBennike1985,KellyBennike1992
S-2307	81.817	-58.667	10059	484	-1.0	92.0	2.0	2.0	England1985
HAR-6294	81.547	-58.033	8348	453	-1.0	59.0	5.0	5.0	KellyBennike1985,KellyBennike1992
S-2313	81.583	-60.917	9273	256	-1.0	56.0	2.0	2.0	England1985
HAR-6295	81.313	-61.595	8309	396	-1.0	69.0	5.0	5.0	KellyBennike1985,KellyBennike1992
HAR-6745	81.75	-59.583	9274	302	-1.0	89.0	5.0	5.0	KellyBennike1992,BennikeKelly1987
S-2312	81.583	-60.9	7179	430	-1.0	72.0	2.0	2.0	England1985
S-2311	81.633	-58.6	4933	355	-1.0	13.0	2.0	2.0	England1985
S-2309	82.017	-58.917	8961	422	-1.0	80.0	2.0	2.0	England1985
S-ANU-65911	81.60323	-60.7112	7743	190	0.0	81.97	7.6	8.16	GluederEtal2022
S-ANU-66427	81.48907	-61.329	4368	258	0.0	-41.86	22.73	23.82	GluederEtal2022
S-ANU-66431	81.79981	-59.5101	4214	254	0.0	4.64	7.72	7.22	GluederEtal2022
S-2308	81.767	-58.583	9669	458	-1.0	87.0	2.0	2.0	England1985
S-2301	81.767	-59.133	8686	366	-1.0	55.0	2.0	2.0	England1985
HAR-6292	81.578	-61.173	8353	343	-1.0	105.0	5.0	5.0	KellyBennike1985,KellyBennike1992
GSC-3693	81.767	-59.133	8393	306	-1.0	55.0	2.0	2.0	England1985,McNeelyBrennan2005,McNeelyMcCuaig1991
GSC-3744	81.7	-59.6	10740	442	-1.0	110.0	2.0	2.0	England1985,McNeelyBrennan2005,McNeelyMcCuaig1991
S-2305	81.767	-59.1	6338	316	-1.0	8.0	2.0	2.0	England1985
S-2409	81.3	-61.35	8552	387	-1.0	68.0	2.0	2.0	England1985
S-2408	81.767	-59.133	8530	404	-1.0	55.0	2.0	2.0	England1985
S-2317	81.583	-60.817	8040	436	-1.0	102.0	2.0	2.0	England1985
S-2316	81.783	-59.133	11581	3632	-1.0	14.0	2.0	2.0	England1985
S-2315	81.783	-59.133	9396	780	-1.0	14.0	2.0	2.0	England1985
S-2314	81.767	-59.1	5132	450	-1.0	10.0	2.0	2.0	England1985
OS-154607	81.49041	-61.3255	594	154	0.0	-9.22	8.71	9.65	GluederEtal2022
OS-154608	81.79936	-59.5019	2584	215	0.0	-17.93	13.28	15.27	GluederEtal2022
OS-154609	81.79917	-59.513	6315	219	0.0	13.85	7.28	6.38	GluederEtal2022
K-4687	81.25	-59.6	9598	415	-1.0	89.0	5.0	5.0	KellyBennike1992,BennikeKelly1987
UCIAMS-175992	81.48907	-61.329	477	165	0.0	-5.3	5.58	6.27	GluederEtal2022
OS-154611	81.79763	-59.5419	7192	209	0.0	53.39	4.52	5.58	GluederEtal2022
S-ANU-65737	81.5826	-61.1996	8659	253	0.0	90.48	4.47	5.57	GluederEtal2022
OS-154612	81.79623	-59.5537	7587	192	0.0	69.09	3.15	4.91	GluederEtal2022
OS-154700	81.70158	-59.7399	9921	261	0.0	81.91	1.87	3.57	GluederEtal2022
OS-154701	81.69994	-59.7548	9210	229	0.0	89.02	4.76	5.69	GluederEtal2022
W-816	81.617	-60.25	6722	673	-1.0	82.0	10.0	10.0	KellyBennike1992,RubinAlexander1960
W-815	81.667	-59.083	4044	794	-1.0	12.0	2.4000000000000004	2.4000000000000004	KellyBennike1992,RubinAlexander1960
Ua-1228	81.583	-61.167	8905	455	-1.0	44.0	5.0	5.0	KellyBennike1992
GSC-3674	82.033	-58.917	6808	319	-1.0	35.0	2.0	2.0	England1985,McNeelyBrennan2005,McNeelyMcCuaig1991
UCIAMS-175993	81.48935	-61.3252	687	169	0.0	-17.32	13.2	14.87	GluederEtal2022
S-ANU-65735	81.7993	-59.5075	3694	232	0.0	0.61	7.66	7.11	GluederEtal2022
OS-154610	81.79778	-59.5347	7250	201	0.0	46.36	4.24	5.48	GluederEtal2022
S-ANU-65504	81.79924	-59.5085	4751	243	0.0	-2.28	10.95	12.26	GluederEtal2022
UCIAMS-163895	81.58368	-61.1884	8656	246	0.0	91.73	3.31	4.78	GluederEtal2022
UCIAMS-163896	81.57894	-61.1721	8413	205	0.0	94.2	3.9	4.83	GluederEtal2022
UCIAMS-175987	81.49185	-61.2898	4778	238	0.0	-6.67	13.08	13.82	GluederEtal2022
UCIAMS-163893	81.57773	-61.2244	8671	254	0.0	63.11	4.55	5.58	GluederEtal2022
UCIAMS-163892	81.56283	-61.4357	6607	220	0.0	20.52	13.82	13.51	GluederEtal2022
UCIAMS-175988	81.49139	-61.3038	2225	226	0.0	-9.14	13.86	13.95	GluederEtal2022
S-ANU-65510	81.57721	-61.1986	8216	198	0.0	58.49	3.74	4.78	GluederEtal2022
K-4376	81.7	-58.9	5105	316	-1.0	13.0	2.6	2.6	KellyBennike1992,BennikeKelly1987
K-4377	81.583	-61.167	8824	389	-1.0	73.0	5.0	5.0	KellyBennike1992,BennikeKelly1987
K-4378	81.8	-59.583	9538	401	-1.0	101.0	5.0	5.0	KellyBennike1992,BennikeKelly1987
K-4375	81.933	-59.7	9783	342	-1.0	28.0	5.0	5.0	KellyBennike1992,BennikeKelly1987
UCIAMS-163890	81.55489	-61.5521	5242	242	0.0	-0.14	3.95	4.86	GluederEtal2022
K-4379	81.833	-61.4	8422	364	-1.0	76.0	5.0	5.0	KellyBennike1992,BennikeKelly1987
