JVRC_09	-63.3459180310744	-55.5478882193605	744	232	-1.0	1.6	0.72	0.72	ZurbuchenSimms2019,LecavalierEtal2023
JVRC_15	-63.3459180310744	-55.5478882193605	968	266	-1.0	1.68	0.32	0.32	ZurbuchenSimms2019,LecavalierEtal2023
JVRC_12	-63.3459180310744	-55.5478882193605	849	255	-1.0	1.86	0.57	0.57	ZurbuchenSimms2019,LecavalierEtal2023
JVRC_49	-63.3459180310744	-55.5478882193605	3131	309	-1.0	6.18	0.54	0.54	ZurbuchenSimms2019,LecavalierEtal2023
JVRC_45	-63.3459180310744	-55.5478882193605	3019	294	-1.0	5.82	0.67	0.67	ZurbuchenSimms2019,LecavalierEtal2023
JVRC_44-s	-63.3459180310744	-55.5478882193605	2771	339	-1.0	5.24	0.61	0.61	ZurbuchenSimms2019,LecavalierEtal2023
JVRC_44-l	-63.3459180310744	-55.5478882193605	2846	322	-1.0	5.24	0.61	0.61	ZurbuchenSimms2019,LecavalierEtal2023
JVRC_42	-63.3459180310744	-55.5478882193605	2584	300	-1.0	4.43	0.28	0.28	ZurbuchenSimms2019,LecavalierEtal2023
JVRC_40	-63.3459180310744	-55.5478882193605	2116	321	-1.0	4.56	0.35	0.35	ZurbuchenSimms2019,LecavalierEtal2023
JVRC_39-s	-63.3459180310744	-55.5478882193605	2028	304	-1.0	4.3	0.47	0.47	ZurbuchenSimms2019,LecavalierEtal2023
JVRC_39-l	-63.3459180310744	-55.5478882193605	2059	310	-1.0	4.3	0.47	0.47	ZurbuchenSimms2019,LecavalierEtal2023
JVRC_37	-63.3459180310744	-55.5478882193605	1793	310	-1.0	3.7	0.28	0.28	ZurbuchenSimms2019,LecavalierEtal2023
JVRC_36	-63.3459180310744	-55.5478882193605	1678	297	-1.0	3.69	0.19	0.19	ZurbuchenSimms2019,LecavalierEtal2023
JVRC_33	-63.3459180310744	-55.5478882193605	1558	278	-1.0	3.54	0.33	0.33	ZurbuchenSimms2019,LecavalierEtal2023
JVRC_30	-63.3459180310744	-55.5478882193605	1592	286	-1.0	3.74	0.18	0.18	ZurbuchenSimms2019,LecavalierEtal2023
JVRC_11	-63.3459180310744	-55.5478882193605	859	254	-1.0	1.86	0.57	0.57	ZurbuchenSimms2019,LecavalierEtal2023
JVRC_26-s	-63.3459180310744	-55.5478882193605	1386	284	-1.0	3.74	0.15	0.15	ZurbuchenSimms2019,LecavalierEtal2023
JVRC_22_2	-63.3459180310744	-55.5478882193605	1281	274	-1.0	2.42	0.26	0.26	ZurbuchenSimms2019,LecavalierEtal2023
JVRC_22_1	-63.3459180310744	-55.5478882193605	1248	273	-1.0	2.42	0.26	0.26	ZurbuchenSimms2019,LecavalierEtal2023
JVRC_19-s	-63.3459180310744	-55.5478882193605	1063	261	-1.0	1.84	0.25	0.25	ZurbuchenSimms2019,LecavalierEtal2023
JVRC_19-l	-63.3459180310744	-55.5478882193605	1052	260	-1.0	1.84	0.25	0.25	ZurbuchenSimms2019,LecavalierEtal2023
JVRC_26-l	-63.3459180310744	-55.5478882193605	1433	275	-1.0	3.74	0.15	0.15	ZurbuchenSimms2019,LecavalierEtal2023
