KIA-40438	51.6809	3.8362	8486	85	1.0	-17.66	0.55	0.55	Vos2013,VosCohen2014,VosEtal2015,deWitEtal2025
GrN-00187	51.3775	3.5094	5854	503	0.0	-2.92	0.42	0.41	CandelEtal2017,deWitEtal2025
GrN-01571	51.3903	3.8069	6702	372	1.0	-3.84	0.42	0.42	BerendsenEtal2007,deWitEtal2025
GrN-01121	51.3511	3.9733	6106	358	0.0	-3.46	0.36	0.35	MeijlesEtal2018,deWitEtal2025
GrN-01045	51.3963	4.0048	7100	342	1.0	-4.99	0.42	0.41	MakaskeEtal2002,deWitEtal2025
GrN-01042	51.3511	3.9733	6638	402	1.0	-3.46	0.36	0.35	Cohen2005,deWitEtal2025
IRPA-00710	51.1169	4.3042	6360	149	1.0	-3.52	0.21	0.21	Kiden1989a,deWitEtal2025
IRPA-00712	51.1169	4.3042	4746	187	1.0	-1.78	0.21	0.21	vanDijk1991,deWitEtal2025
GrN-16946	51.5505	4.1086	7626	282	1.0	-8.22	0.44	0.41	BoschKok1994,deWitEtal2025
IRPA-00713	51.2432	4.3861	4311	194	0.0	-1.96	0.21	0.21	Jelgersma1961,deWitEtal2025
GrN-01120	51.3436	3.9883	6657	350	1.0	-3.19	0.36	0.35	Kiden1995,deWitEtal2025
IRPA-00741	51.1169	4.3042	5861	189	1.0	-2.72	0.21	0.21	Gotje1993,deWitEtal2025
IRPA-00769	51.35	4.2667	6912	228	1.0	-4.19	0.21	0.21	BerendsenStouthamer2001,deWitEtal2025
IRPA-00770	51.35	4.2667	5108	209	0.0	-2.66	0.21	0.21	BerendsenEtal2007,vandePlasscheEtal2010,deWitEtal2025
IRPA-00771	51.35	4.275	5315	245	1.0	-1.82	0.21	0.21	vandePlassche1982,deWitEtal2025
IRPA-00772	51.35	4.275	3888	191	1.0	-0.94	0.21	0.21	vanSmeerdijk2004,deWitEtal2025
GrN-01112	51.4263	4.0714	7224	344	1.0	-6.17	0.41	0.39	vandePlasscheEtal2010,deWitEtal2025
GrN-16282	51.5841	4.0211	8611	414	1.0	-11.17	0.37	0.37	KirbyOele1975,WardEtal2006,deWitEtal2025
GrN-00405	51.4536	3.6267	6560	438	1.0	-4.19	0.42	0.42	vandePlassche1982,deWitEtal2025
GrN-16282	51.5832	4.0209	8603	373	1.0	-11.15	0.37	0.37	deWitEtal2025
GrN-16937	51.6369	4.1194	8099	343	1.0	-13.59	0.26	0.26	vanderSpek1994,deWitEtal2025
GrN-16938	51.636	4.1192	8423	476	1.0	-13.79	0.36	0.36	Vos1992,Kiden1995,deWitEtal2025
GrN-20276	51.5421	3.6345	7918	286	1.0	-6.39	0.45	0.43	vandePlasscheEtal2010,deWitEtal2025
GrN-01129	51.3436	3.9883	6532	337	1.0	-3.19	0.35	0.35	vanDijk1991,deWitEtal2025
GrN-01580	51.5508	3.657	8038	326	1.0	-7.52	0.52	0.5	Vos1992,deWitEtal2025
GrN-16941	51.4291	4.2289	7146	330	1.0	-7.24	0.26	0.26	Jelgersma1961,deWitEtal2025
GrN-01626	51.5021	3.5912	7646	283	1.0	-6.28	0.54	0.53	Tornqvist1993,deWitEtal2025
GrN-16942	51.4291	4.2289	7188	348	1.0	-7.39	0.34	0.34	BoumanBos2012,deWitEtal2025
GrN-02283	51.6563	3.9709	8785	433	1.0	-13.16	0.4	0.29	HijmaEtal2009,deWitEtal2025
GrN-01048	51.3436	3.9883	6532	337	1.0	-3.19	0.36	0.35	Kiden1995,deWitEtal2025
