GrM-19233	52.5359	3.397	9986	191	0	-34.96999999999999	0.43069710934716054	0.42778499272414877	HijmaEtal2025
x-10000a	51.33	2.17	11522	602	1	-33.8	1.05	1.05	KirbyOele1975,WardEtal2006,deWitEtal2025
GrM-32832	52.6111	4.1557	9068	407	1	-25.39	0.23	0.22	vandePlassche1982,deWitEtal2025
GrM-32831	52.7068	4.3074	9661	472	1	-27.69	0.15	0.13	vanDijk1991,deWitEtal2025
GrM-17845	52.5857	4.292	9155	121	1	-25.89	0.39433488306260706	0.39115214431215894	HijmaEtal2025
GrM-18535	52.5241	4.0377	8787	206	-1	-26.91	0.6523036102920173	0.650384501660364	HijmaEtal2025
GrM-18852	52.5857	4.292	8936	147	0	-26.32	0.43069710934716054	0.42778499272414877	HijmaEtal2025
GrM-19131	52.5359	3.397	10335	148	1	-34.407500000000006	0.4641726510685437	0.4614718301261736	HijmaEtal2025
GrM-32829	52.7068	4.3074	9925	368	1	-27.29	0.22	0.21	Gotje1993,deWitEtal2025
GrM-32828	52.7068	4.3074	9405	369	1	-26.8	0.22	0.22	BrinkkemperEtal2006,deWitEtal2025
Pollen_C_early_boreal_PAZ_IIa_id103	52.5	3.25	9815	762	1	-32.7	1.0606601717798212	1.0606601717798212	Jelgersma1961,KidenEtal2002,HijmaEtal2025
Pollen_B_late_preboreal_PAZ_Ic_id104	52.5	2.92	10273	788	1	-34.7	1.0464224768228174	1.0464224768228174	Jelgersma1961,KidenEtal2002,HijmaEtal2025
Pollen_A_late_boreal_PAZ_IIb_id101	52.5	3.8	9412	774	1	-25.7	1.1157956802210698	1.1157956802210698	Jelgersma1961,KidenEtal2002,HijmaEtal2025
GrM-22721	51.7101	3.257	9155	121	1	-24.29	0.4306463165986678	0.42773385416634957	HijmaEtal2025
Pollen_D_early-mid_boreal_PAZ_IIa_id102	52.5	3.5	9518	792	1	-27.7	1.0839741694339402	1.0839741694339402	Jelgersma1961,KidenEtal2002,HijmaEtal2025
GrM-22720	51.7101	3.257	9223	174	1	-24.24	0.4306463165986678	0.42773385416634957	HijmaEtal2025
GrM-19232	52.5241	4.0377	9229	176	1	-27.71	0.43069710934716054	0.42778499272414877	HijmaEtal2025
GrM-23214	52.5241	4.0377	8826	165	0	-28.05	0.4310452412450461	0.4281354925721529	HijmaEtal2025
x-10000b	51.33	2.17	10692	415	1	-33.8	1.05	1.05	MorzadecKerfournDelibrias1972,DelibriasEtal1974,KidenEtal2002,WardEtal2006,deWitEtal2025
