GrA-02423	53.2503	4.7903	8178	154	1	-16.79	1.06	1.06	MeijlesEtal2018,deWitEtal2025
GrN-17597	53.3678	5.2336	1156	311	1	1.29	0.54	0.54	DeGrootEtal1996,deWitEtal2025
GrN-24506	53.3078	5.8891	5286	437	0	-4.33	0.37	0.37	MeijlesEtal2018,deWitEtal2025
Poz-58776	53.1136	5.5095	2962	199	0	-2.46	0.22	0.22	VosNieuwhof2021,deWitEtal2025
Poz-56942	53.1843	5.6386	2678	211	0	-1.89	0.22	0.22	VosNieuwhof2021,deWitEtal2025
Poz-56936	53.2026	5.6767	2866	189	0	-2.15	0.22	0.22	VosNieuwhof2021,deWitEtal2025
GrN-06989	53.2724	4.9611	2920	408	1	-0.96	0.36	0.36	DeJong1984,deWitEtal2025
GrN-07644	53.2566	5.7698	5452	402	0	-4.95	0.38	0.37	Griede1978,deWitEtal2025
GrN-18286	53.4268	5.7217	7885	285	1	-13.35	1.09	1.09	vanderSpek1994,deWitEtal2025
GrN-18285	53.4268	5.7217	7957	302	1	-13.52	1.04	1.04	vanderSpek1994,deWitEtal2025
GrN-07258	53.3933	5.2585	1564	303	1	0.23	0.3	0.3	DeJong1984,deWitEtal2025
GrN-07260	53.3951	5.2525	1483	309	1	0.92	0.36	0.36	DeJong1984,deWitEtal2025
GrN-07265	53.3763	5.2619	629	271	1	0.11	0.37	0.37	DeJong1984,deWitEtal2025
Poz-56932	53.248	5.5599	2029	222	0	-1.31	0.22	0.22	VosNieuwhof2021,deWitEtal2025
GrA-10299	53.15	5.6299	3115	233	0	-2.31	0.23	0.23	VosNieuwhof2021,deWitEtal2025
GrA-02424	53.2503	4.7903	8268	145	1	-16.88	1.08	1.08	MeijlesEtal2018,deWitEtal2025
Beta-263555	53.1473	5.4807	2638	217	0	-2.0	0.23	0.23	VosNieuwhof2021,deWitEtal2025
GrA-65092	53.1039	5.5863	3114	221	0	-2.51	0.23	0.23	VosNieuwhof2021,deWitEtal2025
GrA-17807	53.2079	5.5972	2326	259	0	-1.65	0.23	0.23	VosNieuwhof2021,deWitEtal2025
GrN-17594	53.4027	5.3621	861	276	1	0.75	0.36	0.36	DeGrootEtal1996,deWitEtal2025
GrN-17592	53.4039	5.3615	1197	285	1	0.43	0.36	0.36	DeGrootEtal1996,deWitEtal2025
UtC-14106	53.2403	5.5563	2076	222	0	-1.21	0.23	0.23	VosNieuwhof2021,deWitEtal2025
GrN-09424	53.3091	5.0681	1407	300	1	0.16	0.36	0.36	DeJong1984,deWitEtal2025
GrN-10248	53.2857	4.9902	2394	374	1	-0.66	0.28	0.28	DeJong1984,deWitEtal2025
UtC-13788	53.2344	5.7039	2964	210	0	-2.09	0.24	0.23	VosNieuwhof2021,VosWaldu2012,deWitEtal2025
GrN-19581	53.1974	5.4706	2365	246	0	-1.55	0.23	0.23	Vos1999,deWitEtal2025
GrA-14583	53.2081	5.5412	2274	248	0	-1.27	0.23	0.23	VosNieuwhof2021,deWitEtal2025
GrN-17208	53.3083	5.0679	1442	296	1	0.4	0.36	0.36	DeGrootEtal1996,deWitEtal2025
