AA-35739	-69.376	76.382	8951	369	1.0	8.0	0.5	0.5	IshiwaEtal2021,VerleyenEtal2005
AA-35736	-69.376	76.382	2645	141	1.0	8.0	0.5	0.5	IshiwaEtal2021,VerleyenEtal2005
AA-35717	-69.371	76.143	138	122	1.0	8.0	0.5	0.5	IshiwaEtal2021,HodgsonEtal2009
AA-35742	-69.371	76.143	1633	84	1.0	8.0	0.5	0.5	IshiwaEtal2021,HodgsonEtal2009
AA-35743	-69.371	76.143	2016	113	1.0	8.0	0.5	0.5	IshiwaEtal2021,HodgsonEtal2009
AA-35744	-69.371	76.143	7073	162	1.0	8.0	0.5	0.5	IshiwaEtal2021,HodgsonEtal2009
Larsemann_Hills-02	-69.371	76.143	43000	30000	1.0	8.0	0.5	0.5	IshiwaEtal2021,HodgsonEtal2009
Larsemann_Hills-01	-69.371	76.143	35000	24000	1.0	8.0	0.5	0.5	IshiwaEtal2021,HodgsonEtal2009
AA-35745	-69.371	76.143	7765	261	-1.0	8.0	0.5	0.5	IshiwaEtal2021,HodgsonEtal2009
AA-35746	-69.371	76.143	9478	125	1.0	8.0	0.5	0.5	IshiwaEtal2021,HodgsonEtal2009
AA-35751	-69.407	76.055	2088	255	1.0	8.0	0.5	0.5	IshiwaEtal2021,VerleyenEtal2005
Beta-196950	-69.371	76.143	30718	422	1.0	8.0	0.5	0.5	IshiwaEtal2021,HodgsonEtal2009
Beta-196951	-69.371	76.143	31062	504	1.0	8.0	0.5	0.5	IshiwaEtal2021,HodgsonEtal2009
Beta-196952	-69.371	76.143	31890	802	-1.0	8.0	0.5	0.5	IshiwaEtal2021,HodgsonEtal2009
AA-41164	-69.376	76.382	9435	300	1.0	8.0	0.5	0.5	IshiwaEtal2021,VerleyenEtal2005
AA-41633	-69.376	76.382	10807	362	-1.0	8.0	0.5	0.5	IshiwaEtal2021,VerleyenEtal2005
AA-35747	-69.371	76.143	12186	421	1.0	8.0	0.5	0.5	IshiwaEtal2021,HodgsonEtal2009
