Ly_10439	34.2098	35.6473	2154	229	0.0	1.0	0.1	0.1	MorhangeEtal2006,LiberatoreEtal2022
Ly_10443	34.2837	35.6587	2486	224	0.0	0.01	0.15	0.15	MorhangeEtal2006,LiberatoreEtal2022
Ly_10444	34.2837	35.6587	2298	261	0.0	0.6	0.15	0.15	MorhangeEtal2006,LiberatoreEtal2022
Ly_10445	34.2847	35.6603	1654	227	0.0	0.2	0.15	0.15	MorhangeEtal2006,LiberatoreEtal2022
Ly_10446	34.4958	35.7742	1373	199	0.0	0.8	0.1	0.1	MorhangeEtal2006,LiberatoreEtal2022
Ly_10387	34.029	35.6235	1124	186	0.0	0.8	0.1	0.1	MorhangeEtal2006,LiberatoreEtal2022
Ly_10388	34.027	35.623	1832	236	0.0	0.5	0.1	0.1	MorhangeEtal2006,LiberatoreEtal2022
Ly_10437	34.0267	35.6227	1542	209	0.0	0.6	0.1	0.1	MorhangeEtal2006,LiberatoreEtal2022
Ly_10438	34.0333	35.5833	1549	223	0.0	0.8	0.1	0.1	MorhangeEtal2006,LiberatoreEtal2022
Ly_10440	34.208	35.6433	1994	246	0.0	1.1	0.1	0.1	MorhangeEtal2006,LiberatoreEtal2022
Ly_10442	34.0498	35.6342	3032	241	0.0	0.8	0.1	0.1	MorhangeEtal2006,LiberatoreEtal2022
Ly_10386	34.0352	35.5918	1533	211	0.0	0.6	0.1	0.1	MorhangeEtal2006,LiberatoreEtal2022
Ly_10448	34.3	35.6667	1803	232	0.0	0.35	0.15	0.15	MorhangeEtal2006,LiberatoreEtal2022
MC-64	34.0355	35.6254	1562	371	0.0	0.6	0.3	0.3	SanlavilleEtal1997,LiberatoreEtal2022
MC-63	34.0355	35.6254	1652	352	0.0	0.6	0.3	0.3	SanlavilleEtal1997,LiberatoreEtal2022
MC-146	34.4933	35.7746	1454	217	0.0	0.6	0.3	0.3	MorhangeEtal2006,SanlavilleEtal1997,LiberatoreEtal2022
MC-145	34.4933	35.7746	3387	301	0.0	1.2	0.3	0.3	MorhangeEtal2006,SanlavilleEtal1997,LiberatoreEtal2022
Lyon_2092	34.202	35.6372	1566	210	0.0	0.8	0.1	0.1	MorhangeEtal2006,LiberatoreEtal2022
Lyon_2091	34.2847	35.6603	2344	255	0.0	0.5	0.1	0.1	MorhangeEtal2006,LiberatoreEtal2022
Lyon_2090	34.2977	35.6702	1503	193	0.0	0.4	0.15	0.15	MorhangeEtal2006,LiberatoreEtal2022
Ly_10447	34.4967	35.7605	2360	263	0.0	1.0	0.2	0.2	MorhangeEtal2006,LiberatoreEtal2022
Lyon_2007_GrA_22126	33.5732	35.368	1822	251	-1.0	0.5	0.2	0.2	MorhangeEtal2006,LiberatoreEtal2022
Lyon_1467	34.5	35.75	6376	223	0.0	1.1	0.2	0.2	MorhangeEtal2006,LiberatoreEtal2022
Lyon_1466_GrA_18401	33.4637	35.2932	1849	235	0.0	0.5	0.2	0.2	MorhangeEtal2006,LiberatoreEtal2022
Ly_9832	34.0955	35.651	2823	235	0.0	0.5	0.1	0.1	MorhangeEtal2006,LiberatoreEtal2022
Ly_11947	33.3833	35.2667	677	173	0.0	0.4	0.1	0.1	MorhangeEtal2006,LiberatoreEtal2022
Ly_11580	34.2837	35.6587	2321	258	0.0	0.01	0.15	0.15	MorhangeEtal2006,LiberatoreEtal2022
Ly_11576	34.208	35.6433	2063	246	0.0	1.1	0.1	0.1	MorhangeEtal2006,LiberatoreEtal2022
Ly_11575	34.0547	35.6373	1649	229	0.0	0.6	0.1	0.1	MorhangeEtal2006,LiberatoreEtal2022
Lyon_1468_GrA_18404	34.0453	35.6305	727	178	0.0	0.8	0.1	0.1	MorhangeEtal2006,LiberatoreEtal2022
Ly_10385	33.3988	35.2575	2206	239	0.0	0.7	0.2	0.2	MorhangeEtal2006,LiberatoreEtal2022
Ly_11574	34.0242	35.6222	1365	199	0.0	1.2	0.1	0.1	MorhangeEtal2006,LiberatoreEtal2022
LY12273	33.1	35.1	397	190	0.0	-0.06	0.44	0.44	SivanEtal2010,DeanEtal2019
LY12274	33.1	35.1	214	196	0.0	-0.03	0.44	0.44	SivanEtal2010,DeanEtal2019
